index,temp,vAvg,vMax,vMin,gIndex
1,97.0,1802,1805.0,1798.0,10
2,96.75,1794,1797.0,1791.0,6
3,96.5,1787,1790.0,1784.0,6
4,96.25,1780,1783.0,1778.0,5
5,96.0,1775,1777.0,1773.0,4
6,95.75,1771,1772.0,1770.0,3
7,95.5,1768,1769.0,1767.0,3
8,95.25,1764,1766.0,1763.0,4
9,95.0,1761,1762.0,1760.0,3
10,94.75,1758,1759.0,1756.0,4
11,94.5,1754,1755.0,1753.0,3
12,94.25,1752,1753.0,1751.0,3
13,94.0,1749,1750.0,1748.0,4
14,93.75,1747,1748.0,1747.0,3
15,93.5,1746,1746.0,1745.0,3
16,93.25,1744,1745.0,1744.0,4
17,93.0,1743,1744.0,1743.0,3
18,92.75,1742,1743.0,1742.0,4
19,92.5,1741,1741.0,1740.0,3
20,92.25,1740,1740.0,1739.0,4
21,92.0,1738,1739.0,1738.0,4
22,91.75,1736,1737.0,1735.0,5
23,91.5,1734,1735.0,1733.0,4
24,91.25,1732,1733.0,1731.0,4
25,91.0,1730,1731.0,1730.0,5
26,90.75,1729,1729.0,1728.0,4
27,90.5,1728,1728.0,1727.0,4
28,90.25,1726,1727.0,1725.0,6
29,90.0,1724,1725.0,1723.0,4
30,89.75,1722,1723.0,1721.0,5
31,89.5,1720,1720.0,1719.0,5
32,89.25,1718,1718.0,1717.0,4
33,89.0,1715,1716.0,1714.0,4
34,88.75,1713,1714.0,1712.0,5
35,88.5,1710,1711.0,1710.0,5
36,88.25,1709,1709.0,1708.0,4
37,88.0,1708,1708.0,1707.0,4
38,87.75,1706,1707.0,1705.0,6
39,87.5,1704,1704.0,1703.0,4
40,87.25,1702,1702.0,1701.0,4
41,87.0,1700,1701.0,1700.0,4
42,86.75,1699,1699.0,1698.0,4
43,86.5,1697,1698.0,1696.0,4
44,86.25,1695,1695.0,1694.0,4
45,86.0,1693,1693.0,1692.0,3
46,85.75,1691,1692.0,1690.0,5
47,85.5,1688,1689.0,1687.0,4
48,85.25,1686,1687.0,1685.0,5
49,85.0,1684,1685.0,1683.0,5
50,84.75,1683,1683.0,1682.0,4
51,84.5,1681,1682.0,1680.0,5
52,84.25,1678,1679.0,1677.0,6
53,84.0,1676,1676.0,1675.0,4
54,83.75,1673,1674.0,1673.0,5
55,83.5,1672,1672.0,1671.0,5
56,83.25,1669,1670.0,1668.0,6
57,83.0,1666,1667.0,1665.0,6
58,82.75,1664,1665.0,1664.0,4
59,82.5,1662,1663.0,1662.0,5
60,82.25,1660,1661.0,1660.0,6
61,82.0,1658,1659.0,1657.0,10
62,81.75,1656,1657.0,1655.0,9
63,81.5,1653,1654.0,1651.0,8
64,81.25,1649,1651.0,1648.0,9
65,81.0,1646,1647.0,1645.0,6
66,80.75,1643,1644.0,1642.0,5
67,80.5,1641,1642.0,1641.0,5
68,80.25,1639,1640.0,1638.0,6
69,80.0,1636,1637.0,1635.0,7
70,79.75,1633,1634.0,1631.0,7
71,79.5,1630,1631.0,1628.0,7
72,79.25,1627,1628.0,1626.0,7
73,79.0,1624,1625.0,1624.0,6
74,78.75,1622,1623.0,1621.0,7
75,78.5,1620,1621.0,1619.0,8
76,78.25,1618,1619.0,1617.0,8
77,78.0,1615,1616.0,1614.0,7
78,77.75,1614,1614.0,1614.0,8
79,77.5,1613,1614.0,1613.0,6
80,77.25,1612,1613.0,1611.0,8
81,77.0,1610,1611.0,1609.0,7
82,76.75,1608,1609.0,1607.0,6
83,76.5,1606,1607.0,1605.0,5
84,76.25,1604,1605.0,1603.0,7
85,76.0,1602,1603.0,1601.0,9
86,75.75,1599,1600.0,1598.0,7
87,75.5,1597,1598.0,1596.0,6
88,75.25,1594,1596.0,1592.0,12
89,75.0,1590,1591.0,1589.0,11
90,74.75,1588,1589.0,1587.0,13
91,74.5,1585,1587.0,1584.0,13
92,74.25,1584,1584.0,1583.0,10
93,74.0,1582,1583.0,1580.0,9
94,73.75,1578,1580.0,1576.0,10
95,73.5,1575,1576.0,1575.0,6
96,73.25,1573,1574.0,1571.0,12
97,73.0,1570,1571.0,1569.0,12
98,72.75,1568,1569.0,1567.0,8
99,72.5,1566,1567.0,1564.0,7
100,72.25,1562,1564.0,1561.0,11
101,72.0,1559,1560.0,1557.0,9
102,71.75,1554,1556.0,1552.0,11
103,71.5,1550,1552.0,1548.0,7
104,71.25,1546,1548.0,1544.0,10
105,71.0,1543,1544.0,1543.0,14
106,70.75,1542,1543.0,1541.0,15
107,70.5,1540,1541.0,1539.0,10
108,70.25,1538,1539.0,1537.0,12
109,70.0,1536,1537.0,1534.0,8
110,69.75,1532,1534.0,1531.0,11
111,69.5,1529,1530.0,1528.0,11
112,69.25,1526,1528.0,1525.0,10
113,69.0,1524,1525.0,1522.0,15
114,68.75,1520,1522.0,1519.0,13
115,68.5,1517,1518.0,1515.0,13
116,68.25,1514,1515.0,1513.0,14
117,68.0,1512,1513.0,1510.0,14
118,67.75,1509,1510.0,1508.0,12
119,67.5,1508,1508.0,1508.0,12
120,67.25,1506,1507.0,1504.0,14
121,67.0,1501,1503.0,1499.0,14
122,66.75,1498,1499.0,1496.0,12
123,66.5,1494,1496.0,1493.0,13
124,66.25,1491,1493.0,1490.0,10
125,66.0,1487,1489.0,1485.0,11
126,65.75,1484,1485.0,1484.0,16
127,65.5,1482,1484.0,1479.0,20
128,65.25,1477,1479.0,1477.0,13
129,65.0,1476,1477.0,1476.0,11
130,64.75,1474,1475.0,1473.0,13
131,64.5,1471,1473.0,1469.0,14
132,64.25,1469,1469.0,1468.0,16
133,64.0,1468,1468.0,1468.0,18
134,63.75,1468,1468.0,1468.0,22
135,63.5,1466,1468.0,1463.0,14
136,63.25,1460,1462.0,1458.0,15
137,63.0,1457,1457.0,1456.0,11
138,62.75,1455,1456.0,1454.0,13
139,62.5,1452,1454.0,1450.0,21
140,62.25,1449,1450.0,1448.0,15
141,62.0,1446,1447.0,1444.0,15
142,61.75,1442,1444.0,1440.0,27
143,61.5,1438,1440.0,1436.0,13
144,61.25,1432,1435.0,1431.0,18
145,61.0,1430,1431.0,1429.0,20
146,60.75,1427,1428.0,1426.0,16
147,60.5,1423,1425.0,1421.0,17
148,60.25,1418,1421.0,1415.0,17
149,60.0,1413,1415.0,1410.0,20
150,59.75,1408,1409.0,1407.0,17
151,59.5,1405,1407.0,1403.0,22
152,59.25,1401,1403.0,1398.0,23
153,59.0,1397,1398.0,1395.0,23
154,58.75,1392,1394.0,1390.0,20
155,58.5,1390,1390.0,1390.0,20
156,58.25,1390,1390.0,1390.0,21
157,58.0,1389,1390.0,1387.0,24
158,57.75,1383,1387.0,1381.0,25
159,57.5,1377,1381.0,1374.0,17
160,57.25,1370,1373.0,1366.0,18
161,57.0,1363,1366.0,1360.0,17
162,56.75,1358,1360.0,1356.0,17
163,56.5,1355,1356.0,1355.0,17
164,56.25,1352,1354.0,1350.0,21
165,56.0,1347,1349.0,1345.0,20
166,55.25,1343,1343.0,1343.0,1
167,54.5,1338,1338.0,1338.0,1
168,53.75,1332,1332.0,1332.0,1
169,53.25,1325,1325.0,1325.0,1
170,52.75,1318,1318.0,1318.0,1
171,52.25,1312,1312.0,1312.0,1
172,52.0,1306,1306.0,1306.0,1
173,51.5,1302,1302.0,1302.0,1
174,51.25,1297,1297.0,1297.0,1
175,50.75,1293,1293.0,1293.0,1
176,50.5,1289,1289.0,1289.0,1
177,50.0,1285,1285.0,1285.0,1
178,49.75,1281,1281.0,1281.0,1
179,49.5,1277,1277.0,1277.0,1
180,49.25,1274,1274.0,1274.0,1
181,49.0,1271,1271.0,1271.0,1
182,48.75,1267,1268.0,1266.0,2
183,48.5,1263,1263.0,1263.0,1
184,48.25,1260,1261.0,1259.0,2
185,48.0,1257,1258.0,1256.0,2
186,47.75,1254,1255.0,1253.0,2
187,47.5,1251,1252.0,1250.0,2
188,47.25,1248,1249.0,1247.0,3
189,47.0,1246,1246.0,1245.0,2
190,46.75,1243,1244.0,1243.0,3
191,46.5,1240,1242.0,1239.0,6
192,46.25,1235,1238.0,1231.0,21
193,46.0,1226,1231.0,1223.0,36
194,45.75,1216,1222.0,1210.0,69
195,45.5,1208,1210.0,1206.0,44
196,45.25,1203,1206.0,1200.0,64
197,45.0,1197,1199.0,1197.0,52
198,44.75,1196,1196.0,1194.0,7
199,44.5,1192,1192.0,1191.0,2
200,44.25,1188,1190.0,1187.0,4
201,44.0,1184,1186.0,1183.0,4
202,43.75,1181,1183.0,1180.0,3
203,43.5,1178,1179.0,1177.0,4
204,43.25,1175,1176.0,1173.0,6
205,43.0,1171,1173.0,1169.0,9
206,42.75,1167,1168.0,1165.0,7
207,42.5,1164,1164.0,1163.0,2
208,42.25,1161,1162.0,1160.0,2
209,42.0,1158,1159.0,1156.0,2
210,41.75,1154,1154.0,1154.0,1
211,41.5,1151,1151.0,1151.0,1
212,41.25,1148,1149.0,1146.0,2
213,41.0,1143,1143.0,1143.0,1
214,40.75,1139,1140.0,1138.0,2
215,40.5,1132,1135.0,1129.0,3
216,40.25,1126,1127.0,1124.0,2
217,40.0,1119,1122.0,1117.0,3
218,39.75,1113,1115.0,1111.0,3
219,39.5,1108,1108.0,1108.0,1
220,39.25,1103,1103.0,1103.0,1
221,39.0,1098,1098.0,1098.0,1
222,38.75,1093,1093.0,1093.0,1
223,38.5,1089,1089.0,1089.0,1
224,38.25,1085,1085.0,1085.0,1
225,38.0,1078,1080.0,1076.0,2
226,37.75,1070,1073.0,1067.0,3
227,37.5,1061,1064.0,1058.0,4
228,37.25,1054,1056.0,1051.0,6
229,37.0,1048,1050.0,1046.0,8
230,36.75,1043,1046.0,1039.0,19
231,36.5,1037,1039.0,1036.0,11
232,36.25,1028,1035.0,1024.0,60
233,36.0,1016,1024.0,1012.0,124
234,35.75,1009,1010.0,1008.0,2
235,35.5,1002,1006.0,999.0,4
236,35.25,996,997.0,995.0,2
237,35.0,992,993.0,992.0,2
238,34.75,988,990.0,985.0,4
239,34.5,982,984.0,979.0,6
240,34.25,976,978.0,975.0,6
241,34.0,973,975.0,971.0,13
242,33.75,969,971.0,967.0,18
243,33.5,961,966.0,957.0,68
244,33.25,950,957.0,946.0,237
245,33.0,943,945.0,937.0,242
246,32.75,932,935.0,929.0,6
247,32.5,926,926.0,926.0,1
248,32.25,922,922.0,922.0,1
249,32.0,918,918.0,918.0,1
250,31.75,914,915.0,912.0,2
251,31.5,908,909.0,906.0,2
252,31.25,902,904.0,900.0,3
253,31.0,894,898.0,891.0,7
254,30.75,886,890.0,882.0,15
255,30.5,872,882.0,865.0,48
256,30.25,859,864.0,852.0,43
257,30.0,846,851.0,840.0,49
258,29.75,837,839.0,844.0,54
259,29.5,841,841.0,841.0,1
260,29.25,838,838.0,838.0,1
261,28.75,834,834.0,834.0,1
262,28.5,830,830.0,830.0,1
263,28.25,825,825.0,825.0,1
264,28.0,820,820.0,820.0,1
265,27.5,814,814.0,814.0,1
266,27.25,809,809.0,809.0,1
267,27.0,803,803.0,803.0,1
268,26.75,798,798.0,798.0,1
269,26.5,793,793.0,793.0,1
270,26.25,788,788.0,788.0,1
271,26.0,783,783.0,783.0,1
272,25.75,779,779.0,779.0,1
273,25.5,775,775.0,775.0,1
274,25.25,770,772.0,768.0,2
275,25.0,764,764.0,764.0,1
276,24.75,760,762.0,759.0,2
277,24.5,754,756.0,753.0,2
278,24.25,749,751.0,747.0,3
279,24.0,744,745.0,742.0,3
280,23.75,738,741.0,736.0,5
281,23.5,732,735.0,730.0,5
282,23.25,726,729.0,724.0,6
283,23.0,718,723.0,714.0,11
284,22.75,709,714.0,707.0,24
285,22.5,702,706.0,687.0,23
286,22.25,684,686.0,683.0,4
287,22.0,681,682.0,680.0,4
288,21.75,677,679.0,675.0,7
289,21.5,672,674.0,670.0,8
290,21.25,667,669.0,666.0,7
291,21.0,662,665.0,660.0,30
292,20.75,655,660.0,652.0,136
293,20.5,649,651.0,648.0,5
294,20.25,646,647.0,645.0,7
295,20.0,643,645.0,642.0,29
296,19.75,639,642.0,632.0,53
297,19.5,629,629.0,629.0,1
298,19.0,624,624.0,624.0,1
299,18.75,619,619.0,619.0,1
300,18.5,613,613.0,613.0,1
301,18.25,607,607.0,607.0,1
302,18.0,599,602.0,596.0,2
303,17.75,592,592.0,592.0,1
304,17.5,587,587.0,587.0,1
305,17.25,580,582.0,578.0,2
306,17.0,570,573.0,568.0,2
307,16.75,560,564.0,556.0,3
308,16.5,548,553.0,543.0,4
309,16.25,534,540.0,529.0,5
310,16.0,519,527.0,512.0,9
311,15.75,498,511.0,492.0,45
