temp,vAvg,vMax,vMin,vCount
97.25,1801.5,1805.0,1798.0,10
97.0,1794.0,1797.0,1791.0,6
96.75,1787.0,1790.0,1784.0,6
96.5,1780.5,1783.0,1778.0,5
96.25,1775.0,1777.0,1773.0,4
96.0,1771.0,1772.0,1770.0,3
95.75,1768.0,1769.0,1767.0,3
95.5,1764.5,1766.0,1763.0,4
95.25,1761.0,1762.0,1760.0,3
95.0,1757.5,1759.0,1756.0,4
94.75,1754.0,1755.0,1753.0,3
94.5,1752.0,1753.0,1751.0,3
94.25,1749.0,1750.0,1748.0,4
94.0,1747.5,1748.0,1747.0,3
93.75,1745.5,1746.0,1745.0,3
93.5,1744.5,1745.0,1744.0,4
93.25,1743.5,1744.0,1743.0,3
93.0,1742.5,1743.0,1742.0,4
92.75,1740.5,1741.0,1740.0,3
92.5,1739.5,1740.0,1739.0,4
92.25,1738.5,1739.0,1738.0,4
92.0,1736.0,1737.0,1735.0,5
91.75,1734.0,1735.0,1733.0,4
91.5,1732.0,1733.0,1731.0,4
91.25,1730.5,1731.0,1730.0,5
91.0,1728.5,1729.0,1728.0,4
90.75,1727.5,1728.0,1727.0,4
90.5,1726.0,1727.0,1725.0,6
90.25,1724.0,1725.0,1723.0,4
90.0,1722.0,1723.0,1721.0,5
89.75,1719.5,1720.0,1719.0,5
89.5,1717.5,1718.0,1717.0,4
89.25,1715.0,1716.0,1714.0,4
89.0,1713.0,1714.0,1712.0,5
88.75,1710.5,1711.0,1710.0,5
88.5,1708.5,1709.0,1708.0,4
88.25,1707.5,1708.0,1707.0,4
88.0,1706.0,1707.0,1705.0,6
87.75,1703.5,1704.0,1703.0,4
87.5,1701.5,1702.0,1701.0,4
87.25,1700.5,1701.0,1700.0,4
87.0,1698.5,1699.0,1698.0,4
86.75,1697.0,1698.0,1696.0,4
86.5,1694.5,1695.0,1694.0,4
86.25,1692.5,1693.0,1692.0,3
86.0,1691.0,1692.0,1690.0,5
85.75,1688.0,1689.0,1687.0,4
85.5,1686.0,1687.0,1685.0,5
85.25,1684.0,1685.0,1683.0,5
85.0,1682.5,1683.0,1682.0,4
84.75,1681.0,1682.0,1680.0,5
84.5,1678.0,1679.0,1677.0,6
84.25,1675.5,1676.0,1675.0,4
84.0,1673.5,1674.0,1673.0,5
83.75,1671.5,1672.0,1671.0,5
83.5,1669.0,1670.0,1668.0,6
83.25,1666.0,1667.0,1665.0,6
83.0,1664.5,1665.0,1664.0,4
82.75,1662.5,1663.0,1662.0,5
82.5,1660.5,1661.0,1660.0,6
82.25,1658.0,1659.0,1657.0,10
82.0,1656.0,1657.0,1655.0,9
81.75,1652.5,1654.0,1651.0,8
81.5,1649.5,1651.0,1648.0,9
81.25,1646.0,1647.0,1645.0,6
81.0,1643.0,1644.0,1642.0,5
80.75,1641.5,1642.0,1641.0,5
80.5,1639.0,1640.0,1638.0,6
80.25,1636.0,1637.0,1635.0,7
80.0,1632.5,1634.0,1631.0,7
79.75,1629.5,1631.0,1628.0,7
79.5,1627.0,1628.0,1626.0,7
79.25,1624.5,1625.0,1624.0,6
79.0,1622.0,1623.0,1621.0,7
78.75,1620.0,1621.0,1619.0,8
78.5,1618.0,1619.0,1617.0,8
78.25,1615.0,1616.0,1614.0,7
78.0,1614.0,1614.0,1614.0,8
77.75,1613.5,1614.0,1613.0,6
77.5,1612.0,1613.0,1611.0,8
77.25,1610.0,1611.0,1609.0,7
77.0,1608.0,1609.0,1607.0,6
76.75,1606.0,1607.0,1605.0,5
76.5,1604.0,1605.0,1603.0,7
76.25,1602.0,1603.0,1601.0,9
76.0,1599.0,1600.0,1598.0,7
75.75,1597.0,1598.0,1596.0,6
75.5,1594.0,1596.0,1592.0,12
75.25,1590.0,1591.0,1589.0,11
75.0,1588.0,1589.0,1587.0,13
74.75,1585.5,1587.0,1584.0,13
74.5,1583.5,1584.0,1583.0,10
74.25,1581.5,1583.0,1580.0,9
74.0,1578.0,1580.0,1576.0,10
73.75,1575.5,1576.0,1575.0,6
73.5,1572.5,1574.0,1571.0,12
73.25,1570.0,1571.0,1569.0,12
73.0,1568.0,1569.0,1567.0,8
72.75,1565.5,1567.0,1564.0,7
72.5,1562.5,1564.0,1561.0,11
72.25,1558.5,1560.0,1557.0,9
72.0,1554.0,1556.0,1552.0,11
71.75,1550.0,1552.0,1548.0,7
71.5,1546.0,1548.0,1544.0,10
71.25,1543.0,1544.0,1542.0,14
71.0,1542.0,1543.0,1541.0,15
70.75,1540.0,1541.0,1539.0,10
70.5,1538.0,1539.0,1537.0,12
70.25,1535.5,1537.0,1534.0,8
70.0,1532.5,1534.0,1531.0,11
69.75,1529.0,1530.0,1528.0,11
69.5,1526.5,1528.0,1525.0,10
69.25,1523.5,1525.0,1522.0,15
69.0,1520.5,1522.0,1519.0,13
68.75,1516.5,1518.0,1515.0,13
68.5,1514.0,1515.0,1513.0,14
68.25,1511.5,1513.0,1510.0,14
68.0,1509.0,1510.0,1508.0,12
67.75,1508.0,1508.0,1508.0,12
67.5,1505.5,1507.0,1504.0,14
67.25,1501.0,1503.0,1499.0,14
67.0,1497.5,1499.0,1496.0,12
66.75,1494.5,1496.0,1493.0,13
66.5,1491.5,1493.0,1490.0,10
66.25,1487.0,1489.0,1485.0,11
66.0,1484.5,1485.0,1484.0,16
65.75,1481.5,1484.0,1479.0,20
65.5,1477.5,1479.0,1476.0,13
65.25,1476.5,1477.0,1476.0,11
65.0,1474.0,1475.0,1473.0,13
64.75,1471.0,1473.0,1469.0,14
64.5,1468.5,1469.0,1468.0,16
64.25,1468.0,1468.0,1468.0,18
64.0,1468.5,1469.0,1468.0,22
63.75,1465.5,1468.0,1463.0,14
63.5,1460.0,1462.0,1458.0,15
63.25,1456.5,1457.0,1456.0,11
63.0,1455.0,1456.0,1454.0,13
62.75,1452.0,1454.0,1450.0,21
62.5,1449.0,1450.0,1448.0,15
62.25,1445.5,1447.0,1444.0,15
62.0,1442.0,1444.0,1440.0,27
61.75,1438.0,1440.0,1436.0,13
61.5,1433.0,1435.0,1431.0,18
61.25,1430.0,1431.0,1429.0,20
61.0,1427.5,1429.0,1426.0,16
60.75,1423.0,1425.0,1421.0,17
60.5,1418.0,1421.0,1415.0,17
60.25,1412.5,1415.0,1410.0,20
60.0,1408.0,1409.0,1407.0,17
59.75,1405.0,1407.0,1403.0,22
59.5,1400.5,1403.0,1398.0,23
59.25,1396.5,1398.0,1395.0,23
59.0,1392.0,1394.0,1390.0,20
58.75,1389.5,1390.0,1389.0,20
58.5,1390.0,1390.0,1390.0,21
58.25,1388.5,1390.0,1387.0,24
58.0,1384.0,1387.0,1381.0,25
57.75,1377.5,1381.0,1374.0,17
57.5,1369.5,1373.0,1366.0,18
57.25,1363.0,1366.0,1360.0,17
57.0,1358.0,1360.0,1356.0,17
56.75,1355.0,1356.0,1354.0,17
56.5,1352.0,1354.0,1350.0,21
56.25,1347.0,1349.0,1345.0,20
56.0,1343.0,1343.0,1343.0,1
55.25,1338.0,1338.0,1338.0,1
54.5,1332.0,1332.0,1332.0,1
53.75,1325.0,1325.0,1325.0,1
53.25,1318.0,1318.0,1318.0,1
52.75,1312.0,1312.0,1312.0,1
52.25,1306.0,1306.0,1306.0,1
52.0,1302.0,1302.0,1302.0,1
51.5,1297.0,1297.0,1297.0,1
51.25,1293.0,1293.0,1293.0,1
50.75,1289.0,1289.0,1289.0,1
50.5,1285.0,1285.0,1285.0,1
50.0,1281.0,1281.0,1281.0,1
49.75,1277.0,1277.0,1277.0,1
49.5,1274.0,1274.0,1274.0,1
49.25,1271.0,1271.0,1271.0,1
49.0,1267.0,1268.0,1266.0,2
48.75,1263.0,1263.0,1263.0,1
48.5,1260.0,1261.0,1259.0,2
48.25,1257.0,1258.0,1256.0,2
48.0,1254.0,1255.0,1253.0,2
47.75,1251.0,1252.0,1250.0,2
47.5,1248.0,1249.0,1247.0,3
47.25,1245.5,1246.0,1245.0,2
47.0,1243.5,1244.0,1243.0,3
46.75,1240.5,1242.0,1239.0,6
46.5,1234.5,1238.0,1231.0,21
46.25,1227.0,1231.0,1223.0,36
46.0,1216.0,1222.0,1210.0,69
45.75,1208.0,1210.0,1206.0,44
45.5,1203.0,1206.0,1200.0,64
45.25,1197.5,1199.0,1196.0,52
45.0,1195.5,1197.0,1194.0,7
44.75,1191.5,1192.0,1191.0,2
44.5,1188.5,1190.0,1187.0,4
44.25,1184.5,1186.0,1183.0,4
44.0,1181.5,1183.0,1180.0,3
43.75,1178.0,1179.0,1177.0,4
43.5,1174.5,1176.0,1173.0,6
43.25,1171.0,1173.0,1169.0,9
43.0,1166.5,1168.0,1165.0,7
42.75,1163.5,1164.0,1163.0,2
42.5,1161.0,1162.0,1160.0,2
42.25,1157.5,1159.0,1156.0,2
42.0,1154.0,1154.0,1154.0,1
41.75,1151.0,1151.0,1151.0,1
41.5,1147.5,1149.0,1146.0,2
41.25,1143.0,1143.0,1143.0,1
41.0,1139.0,1140.0,1138.0,2
40.75,1132.0,1135.0,1129.0,3
40.5,1125.5,1127.0,1124.0,2
40.25,1119.5,1122.0,1117.0,3
40.0,1113.0,1115.0,1111.0,3
39.75,1108.0,1108.0,1108.0,1
39.5,1103.0,1103.0,1103.0,1
39.25,1098.0,1098.0,1098.0,1
39.0,1093.0,1093.0,1093.0,1
38.75,1089.0,1089.0,1089.0,1
38.5,1085.0,1085.0,1085.0,1
38.25,1078.0,1080.0,1076.0,2
38.0,1070.0,1073.0,1067.0,3
37.75,1061.0,1064.0,1058.0,4
37.5,1053.5,1056.0,1051.0,6
37.25,1048.0,1050.0,1046.0,8
37.0,1042.5,1046.0,1039.0,19
36.75,1037.5,1039.0,1036.0,11
36.5,1029.5,1035.0,1024.0,60
36.25,1018.0,1024.0,1012.0,124
36.0,1009.0,1010.0,1008.0,2
35.75,1002.5,1006.0,999.0,4
35.5,996.0,997.0,995.0,2
35.25,992.5,993.0,992.0,2
35.0,987.5,990.0,985.0,4
34.75,981.5,984.0,979.0,6
34.5,976.5,978.0,975.0,6
34.25,973.0,975.0,971.0,13
34.0,969.0,971.0,967.0,18
33.75,961.5,966.0,957.0,68
33.5,952.0,958.0,946.0,237
33.25,941.0,945.0,937.0,242
33.0,932.0,935.0,929.0,6
32.75,926.0,926.0,926.0,1
32.5,922.0,922.0,922.0,1
32.25,918.0,918.0,918.0,1
32.0,913.5,915.0,912.0,2
31.75,907.5,909.0,906.0,2
31.5,902.0,904.0,900.0,3
31.25,894.5,898.0,891.0,7
31.0,886.0,890.0,882.0,15
30.75,873.5,882.0,865.0,48
30.5,858.5,865.0,852.0,43
30.25,845.5,851.0,840.0,49
30.0,839.0,844.0,834.0,54
29.75,841.0,841.0,841.0,1
29.5,838.0,838.0,838.0,1
29.25,834.0,834.0,834.0,1
28.75,830.0,830.0,830.0,1
28.5,825.0,825.0,825.0,1
28.25,820.0,820.0,820.0,1
28.0,814.0,814.0,814.0,1
27.5,809.0,809.0,809.0,1
27.25,803.0,803.0,803.0,1
27.0,798.0,798.0,798.0,1
26.75,793.0,793.0,793.0,1
26.5,788.0,788.0,788.0,1
26.25,783.0,783.0,783.0,1
26.0,779.0,779.0,779.0,1
25.75,775.0,775.0,775.0,1
25.5,770.0,772.0,768.0,2
25.25,764.0,764.0,764.0,1
25.0,760.5,762.0,759.0,2
24.75,754.5,756.0,753.0,2
24.5,749.0,751.0,747.0,3
24.25,743.5,745.0,742.0,3
24.0,738.5,741.0,736.0,5
23.75,732.5,735.0,730.0,5
23.5,726.5,729.0,724.0,6
23.25,718.5,723.0,714.0,11
23.0,710.0,714.0,706.0,24
22.75,696.5,706.0,687.0,23
22.5,684.5,686.0,683.0,4
22.25,681.0,682.0,680.0,4
22.0,677.0,679.0,675.0,7
21.75,672.0,674.0,670.0,8
21.5,667.5,669.0,666.0,7
21.25,662.5,665.0,660.0,30
21.0,656.0,660.0,652.0,136
20.75,649.5,651.0,648.0,5
20.5,646.0,647.0,645.0,7
20.25,643.5,645.0,642.0,29
20.0,637.0,642.0,632.0,53
19.75,629.0,629.0,629.0,1
19.5,624.0,624.0,624.0,1
19.0,619.0,619.0,619.0,1
18.75,613.0,613.0,613.0,1
18.5,607.0,607.0,607.0,1
18.25,599.0,602.0,596.0,2
18.0,592.0,592.0,592.0,1
17.75,587.0,587.0,587.0,1
17.5,580.0,582.0,578.0,2
17.25,570.5,573.0,568.0,2
17.0,560.0,564.0,556.0,3
16.75,548.0,553.0,543.0,4
16.5,534.5,540.0,529.0,5
16.25,519.5,527.0,512.0,9
16.0,501.0,511.0,491.0,45
15.75,490.0,491.0,489.0,7
