97.25,1805,177,1
97.25,1805,178,1
97.25,1804,178,2
97.25,1803,177,2
97.25,1803,177,1
97.25,1802,177,1
97.25,1801,177,2
97.25,1800,177,2
97.25,1799,177,1
97.25,1798,178,1
97.00,1797,178,1
97.00,1796,177,2
97.00,1795,178,1
97.00,1794,177,1
97.00,1792,178,1
97.00,1791,177,2
96.75,1790,177,2
96.75,1789,177,1
96.75,1787,177,1
96.75,1786,179,1
96.75,1785,177,2
96.75,1784,177,2
96.50,1783,177,1
96.50,1781,177,1
96.50,1780,178,1
96.50,1779,177,2
96.50,1778,178,1
96.25,1777,177,1
96.25,1776,178,1
96.25,1774,178,2
96.25,1773,177,2
96.00,1772,177,1
96.00,1771,177,1
96.00,1770,178,1
95.75,1769,177,2
95.75,1768,177,1
95.75,1767,178,1
95.50,1766,178,1
95.50,1765,177,2
95.50,1764,177,2
95.50,1763,177,1
95.25,1762,177,1
95.25,1761,178,1
95.25,1760,178,2
95.00,1759,177,1
95.00,1758,177,1
95.00,1757,179,1
95.00,1756,177,2
94.75,1755,177,1
94.75,1754,177,1
94.75,1753,177,2
94.50,1753,178,1
94.50,1752,177,2
94.50,1751,178,1
94.25,1750,177,1
94.25,1750,178,1
94.25,1749,177,2
94.25,1748,177,2
94.00,1748,177,1
94.00,1747,177,1
94.00,1747,179,1
93.75,1746,177,2
93.75,1746,177,1
93.75,1745,177,1
93.50,1745,178,1
93.50,1745,177,2
93.50,1744,177,2
93.50,1744,177,2
93.25,1744,178,1
93.25,1743,178,1
93.25,1743,178,2
93.00,1743,177,1
93.00,1742,177,1
93.00,1742,178,1
93.00,1742,177,2
92.75,1741,177,2
92.75,1741,177,1
92.75,1740,178,1
92.50,1740,178,1
92.50,1740,177,2
92.50,1739,177,2
92.50,1739,177,1
92.25,1739,177,1
92.25,1738,178,1
92.25,1738,177,3
92.25,1738,177,1
92.00,1737,177,1
92.00,1737,179,1
92.00,1736,177,2
92.00,1736,177,2
92.00,1735,177,1
91.75,1735,177,1
91.75,1734,178,1
91.75,1733,177,2
91.75,1733,178,1
91.50,1733,177,1
91.50,1732,178,1
91.50,1731,177,2
91.50,1731,177,1
91.25,1731,177,1
91.25,1731,178,1
91.25,1730,178,2
91.25,1730,177,2
91.25,1730,177,1
91.00,1729,178,1
91.00,1729,178,1
91.00,1729,177,2
91.00,1728,177,2
90.75,1728,177,1
90.75,1728,177,1
90.75,1727,178,1
90.75,1727,178,2
90.50,1727,177,1
90.50,1727,177,1
90.50,1726,178,1
90.50,1726,177,2
90.50,1725,177,2
90.50,1725,177,1
90.25,1725,179,1
90.25,1724,178,1
90.25,1724,177,2
90.25,1723,178,1
90.00,1723,177,1
90.00,1722,178,1
90.00,1722,177,2
90.00,1722,177,1
90.00,1721,177,1
89.75,1720,177,1
89.75,1720,179,1
89.75,1720,177,2
89.75,1719,177,1
89.75,1719,177,1
89.50,1718,178,1
89.50,1718,177,2
89.50,1717,177,2
89.50,1717,178,1
89.25,1716,178,1
89.25,1715,177,2
89.25,1715,177,2
89.25,1714,177,1
89.00,1714,177,1
89.00,1713,178,1
89.00,1713,177,3
89.00,1712,177,1
89.00,1712,177,1
88.75,1711,178,1
88.75,1711,178,1
88.75,1710,177,2
88.75,1710,177,1
88.75,1710,177,1
88.50,1709,178,1
88.50,1709,177,2
88.50,1709,178,2
88.50,1708,177,1
88.25,1708,177,1
88.25,1708,177,2
88.25,1707,177,2
88.25,1707,177,1
88.00,1707,177,1
88.00,1706,179,1
88.00,1706,178,1
88.00,1706,177,2
88.00,1705,178,1
88.00,1705,177,1
87.75,1704,178,1
87.75,1704,177,2
87.75,1703,177,1
87.75,1703,177,1
87.50,1702,178,1
87.50,1702,178,2
87.50,1702,177,1
87.50,1701,177,1
87.25,1701,178,1
87.25,1701,177,2
87.25,1700,177,2
87.25,1700,177,1
87.00,1699,178,1
87.00,1699,177,2
87.00,1699,177,2
87.00,1698,178,1
86.75,1698,177,1
86.75,1697,178,1
86.75,1697,177,2
86.75,1696,177,1
86.50,1695,177,1
86.50,1695,177,1
86.50,1695,179,1
86.50,1694,177,2
86.25,1693,177,1
86.25,1693,177,1
86.25,1692,178,1
86.00,1692,177,2
86.00,1691,177,1
86.00,1691,178,1
86.00,1690,178,1
86.00,1690,177,2
85.75,1689,178,2
85.75,1688,177,1
85.75,1688,177,1
85.75,1687,178,1
85.50,1687,177,3
85.50,1686,177,2
85.50,1686,177,1
85.50,1686,179,1
85.50,1685,177,2
85.25,1685,177,2
85.25,1685,177,1
85.25,1684,177,1
85.25,1684,177,1
85.25,1683,178,1
85.00,1683,178,2
85.00,1683,177,1
85.00,1683,177,1
85.00,1682,179,1
84.75,1682,177,2
84.75,1681,177,2
84.75,1681,177,1
84.75,1680,177,2
84.75,1680,177,2
84.50,1679,177,2
84.50,1679,178,1
84.50,1678,177,1
84.50,1678,178,1
84.50,1677,177,2
84.50,1677,177,2
84.25,1676,177,1
84.25,1676,177,1
84.25,1675,178,2
84.25,1675,177,2
84.00,1674,177,1
84.00,1674,177,1
84.00,1673,178,1
84.00,1673,177,2
84.00,1673,177,2
83.75,1672,178,1
83.75,1672,177,1
83.75,1672,178,1
83.75,1671,178,2
83.75,1671,177,1
83.50,1670,177,1
83.50,1670,177,1
83.50,1670,178,1
83.50,1669,177,2
83.50,1669,177,1
83.50,1668,178,1
83.25,1667,178,1
83.25,1667,177,2
83.25,1666,177,2
83.25,1666,177,1
83.25,1665,177,1
83.25,1665,177,2
83.00,1665,178,2
83.00,1664,177,1
83.00,1664,177,1
83.00,1664,179,1
82.75,1663,177,2
82.75,1663,177,1
82.75,1662,177,1
82.75,1662,178,1
82.75,1662,177,2
82.50,1661,177,2
82.50,1661,178,1
82.50,1661,177,1
82.50,1660,177,2
82.50,1660,177,2
82.50,1660,177,1
82.25,1659,177,1
82.25,1659,178,1
82.25,1659,178,2
82.25,1659,177,2
82.25,1658,177,1
82.25,1658,177,1
82.25,1658,177,2
82.25,1658,177,2
82.25,1658,177,1
82.25,1657,177,2
82.00,1657,178,1
82.00,1657,177,2
82.00,1657,178,2
82.00,1657,177,1
82.00,1656,177,1
82.00,1656,178,1
82.00,1656,177,2
82.00,1655,177,1
82.00,1655,177,1
81.75,1654,179,1
81.75,1654,177,2
81.75,1654,177,1
81.75,1653,177,1
81.75,1653,177,1
81.75,1652,177,2
81.75,1652,177,2
81.75,1651,177,2
81.50,1651,178,1
81.50,1651,177,2
81.50,1650,178,2
81.50,1650,177,1
81.50,1649,177,1
81.50,1649,178,1
81.50,1648,177,2
81.50,1648,177,2
81.50,1648,177,1
81.25,1647,178,1
81.25,1646,178,1
81.25,1646,177,2
81.25,1645,177,1
81.25,1645,177,1
81.25,1645,178,1
81.00,1644,177,2
81.00,1644,177,2
81.00,1643,177,1
81.00,1643,177,1
81.00,1642,179,1
80.75,1642,177,2
80.75,1642,177,1
80.75,1641,177,1
80.75,1641,178,1
80.75,1641,177,2
80.50,1640,177,1
80.50,1640,178,1
80.50,1639,178,1
80.50,1639,177,2
80.50,1638,177,2
80.50,1638,177,1
80.25,1637,177,1
80.25,1637,178,1
80.25,1637,178,2
80.25,1636,177,1
80.25,1636,177,1
80.25,1635,179,1
80.25,1635,177,2
80.00,1634,177,1
80.00,1634,177,1
80.00,1633,178,1
80.00,1632,177,2
80.00,1632,177,2
80.00,1632,178,1
80.00,1631,177,1
79.75,1631,177,2
79.75,1630,177,2
79.75,1630,177,1
79.75,1630,177,1
79.75,1629,178,1
79.75,1629,178,2
79.75,1628,177,1
79.50,1628,177,1
79.50,1628,179,1
79.50,1627,177,2
79.50,1627,177,1
79.50,1626,177,1
79.50,1626,177,1
79.50,1626,177,2
79.25,1625,177,2
79.25,1625,178,1
79.25,1625,177,1
79.25,1624,178,1
79.25,1624,177,2
79.25,1624,177,1
79.00,1623,177,1
79.00,1623,178,1
79.00,1623,178,2
79.00,1622,177,2
79.00,1622,177,1
79.00,1622,179,1
79.00,1621,177,2
78.75,1621,177,2
78.75,1621,177,1
78.75,1621,177,2
78.75,1620,177,2
78.75,1620,177,2
78.75,1620,178,1
78.75,1619,177,1
78.75,1619,178,1
78.50,1619,177,2
78.50,1618,177,2
78.50,1618,177,1
78.50,1618,177,1
78.50,1617,178,2
78.50,1617,177,2
78.50,1617,177,1
78.50,1617,177,1
78.25,1616,178,1
78.25,1616,177,2
78.25,1616,177,1
78.25,1615,177,2
78.25,1615,178,1
78.25,1615,177,2
78.25,1614,178,2
78.00,1614,177,1
78.00,1614,177,1
78.00,1614,178,1
78.00,1614,177,2
78.00,1614,177,1
78.00,1614,177,1
78.00,1614,179,1
78.00,1614,177,2
77.75,1614,177,2
77.75,1614,177,1
77.75,1613,177,1
77.75,1613,177,2
77.75,1613,177,2
77.75,1613,177,2
77.50,1613,177,1
77.50,1612,178,1
77.50,1612,178,2
77.50,1612,177,2
77.50,1612,177,1
77.50,1612,177,1
77.50,1611,178,1
77.50,1611,177,2
77.25,1611,177,1
77.25,1611,178,1
77.25,1610,178,1
77.25,1610,177,2
77.25,1610,177,1
77.25,1609,177,1
77.25,1609,177,1
77.00,1609,177,2
77.00,1609,178,2
77.00,1608,177,1
77.00,1608,177,1
77.00,1608,179,1
77.00,1607,177,2
76.75,1607,177,1
76.75,1606,177,1
76.75,1606,178,1
76.75,1606,177,2
76.75,1605,177,2
76.50,1605,178,1
76.50,1605,177,1
76.50,1604,178,1
76.50,1604,177,2
76.50,1604,177,1
76.50,1603,177,1
76.50,1603,178,1
76.25,1603,178,2
76.25,1603,177,2
76.25,1602,177,1
76.25,1602,178,1
76.25,1602,178,1
76.25,1602,177,2
76.25,1601,177,2
76.25,1601,177,1
76.25,1601,177,1
76.00,1600,178,1
76.00,1600,178,2
76.00,1600,177,2
76.00,1599,177,1
76.00,1599,177,1
76.00,1599,178,1
76.00,1598,177,2
75.75,1598,177,1
75.75,1597,178,1
75.75,1597,178,1
75.75,1597,177,2
75.75,1597,177,2
75.75,1596,177,1
75.50,1596,177,1
75.50,1595,177,2
75.50,1595,177,3
75.50,1594,177,1
75.50,1594,177,1
75.50,1594,178,2
75.50,1593,177,2
75.50,1593,177,1
75.50,1592,177,1
75.50,1592,178,1
75.50,1592,177,2
75.50,1592,177,1
75.25,1591,178,1
75.25,1591,177,1
75.25,1591,178,1
75.25,1591,177,2
75.25,1591,177,1
75.25,1590,177,1
75.25,1590,178,1
75.25,1590,177,3
75.25,1590,177,2
75.25,1589,177,1
75.25,1589,178,1
75.00,1589,178,1
75.00,1589,177,2
75.00,1589,177,1
75.00,1589,177,1
75.00,1588,177,1
75.00,1588,177,2
75.00,1588,178,2
75.00,1588,177,1
75.00,1588,177,1
75.00,1588,178,1
75.00,1587,177,2
75.00,1587,177,1
75.00,1587,177,1
74.75,1587,178,1
74.75,1586,177,2
74.75,1586,177,2
74.75,1586,178,1
74.75,1586,177,1
74.75,1585,178,1
74.75,1585,177,2
74.75,1585,177,3
74.75,1585,177,1
74.75,1585,177,1
74.75,1584,178,2
74.75,1585,177,2
74.75,1584,177,1
74.50,1584,177,1
74.50,1584,177,1
74.50,1584,177,2
74.50,1584,177,2
74.50,1584,178,1
74.50,1584,177,1
74.50,1584,178,1
74.50,1583,178,2
74.50,1583,177,2
74.50,1583,177,1
74.25,1583,177,1
74.25,1583,178,2
74.25,1583,177,2
74.25,1582,177,1
74.25,1582,178,1
74.25,1582,178,1
74.25,1581,177,2
74.25,1581,177,2
74.25,1580,177,1
74.00,1580,177,1
74.00,1580,178,1
74.00,1579,178,2
74.00,1579,177,1
74.00,1579,177,1
74.00,1578,179,1
74.00,1578,177,2
74.00,1577,177,2
74.00,1577,177,1
74.00,1576,177,2
73.75,1576,178,1
73.75,1576,177,2
73.75,1575,178,2
73.75,1575,177,1
73.75,1575,177,1
73.75,1575,178,1
73.50,1574,177,2
73.50,1574,177,1
73.50,1574,177,1
73.50,1573,179,1
73.50,1573,177,2
73.50,1573,177,2
73.50,1573,177,1
73.50,1572,177,1
73.50,1572,178,1
73.50,1572,177,2
73.50,1571,178,1
73.50,1571,177,1
73.25,1571,178,1
73.25,1571,178,2
73.25,1571,177,1
73.25,1570,177,1
73.25,1570,177,1
73.25,1570,177,2
73.25,1570,177,2
73.25,1570,177,1
73.25,1570,178,1
73.25,1570,178,1
73.25,1570,177,2
73.25,1569,177,1
73.00,1569,177,1
73.00,1569,178,1
73.00,1568,177,2
73.00,1568,178,2
73.00,1568,177,1
73.00,1568,177,1
73.00,1568,179,1
73.00,1567,177,2
72.75,1567,177,1
72.75,1567,177,1
72.75,1566,178,1
72.75,1566,177,2
72.75,1565,177,2
72.75,1565,178,1
72.75,1564,177,1
72.50,1564,178,1
72.50,1563,177,2
72.50,1563,177,2
72.50,1563,177,1
72.50,1563,177,1
72.50,1562,178,2
72.50,1562,177,2
72.50,1562,177,1
72.50,1561,177,1
72.50,1561,178,1
72.50,1561,177,2
72.25,1560,177,1
72.25,1560,177,2
72.25,1560,178,1
72.25,1559,177,2
72.25,1559,178,1
72.25,1558,177,1
72.25,1558,177,1
72.25,1557,177,2
72.25,1557,177,1
72.00,1556,177,1
72.00,1556,178,1
72.00,1556,178,2
72.00,1555,177,2
72.00,1555,177,1
72.00,1554,177,1
72.00,1554,178,1
72.00,1553,177,2
72.00,1553,177,1
72.00,1552,177,2
72.00,1552,178,1
71.75,1552,177,2
71.75,1551,178,2
71.75,1550,177,1
71.75,1550,177,1
71.75,1549,178,1
71.75,1549,177,2
71.75,1548,177,1
71.50,1548,177,1
71.50,1547,179,1
71.50,1547,177,2
71.50,1547,177,2
71.50,1546,177,1
71.50,1546,177,1
71.50,1545,178,1
71.50,1545,177,2
71.50,1544,177,2
71.50,1544,177,1
71.25,1544,178,1
71.25,1544,178,2
71.25,1543,177,2
71.25,1543,177,1
71.25,1543,177,1
71.25,1543,177,2
71.25,1543,177,2
71.25,1542,177,1
71.25,1542,178,1
71.25,1543,178,1
71.25,1543,177,2
71.25,1543,177,1
71.25,1543,177,1
71.25,1543,177,1
71.00,1543,177,2
71.00,1543,178,2
71.00,1543,177,1
71.00,1542,177,1
71.00,1542,179,1
71.00,1542,177,2
71.00,1542,177,1
71.00,1542,177,1
71.00,1542,178,1
71.00,1541,177,2
71.00,1541,177,2
71.00,1541,178,1
71.00,1541,177,1
71.00,1541,177,2
71.00,1541,177,2
70.75,1541,177,1
70.75,1541,177,1
70.75,1541,178,1
70.75,1541,178,2
70.75,1541,177,2
70.75,1540,177,1
70.75,1540,178,1
70.75,1540,177,2
70.75,1540,177,2
70.75,1539,177,1
70.50,1539,177,1
70.50,1539,178,1
70.50,1539,177,2
70.50,1538,178,1
70.50,1538,177,1
70.50,1538,178,1
70.50,1538,177,2
70.50,1538,177,2
70.50,1538,177,1
70.50,1538,177,1
70.50,1537,179,1
70.50,1537,177,2
70.25,1537,177,1
70.25,1537,177,1
70.25,1536,178,1
70.25,1536,177,2
70.25,1536,177,1
70.25,1535,177,2
70.25,1535,178,1
70.25,1534,178,1
70.00,1534,178,2
70.00,1534,177,1
70.00,1534,177,1
70.00,1533,178,1
70.00,1533,177,2
70.00,1532,177,2
70.00,1532,177,1
70.00,1532,178,1
70.00,1531,178,1
70.00,1531,177,2
70.00,1531,177,1
69.75,1530,177,1
69.75,1530,177,1
69.75,1530,177,2
69.75,1529,177,3
69.75,1529,177,1
69.75,1529,177,1
69.75,1528,179,1
69.75,1528,177,2
69.75,1528,177,2
69.75,1528,177,1
69.75,1528,178,1
69.50,1528,177,2
69.50,1527,177,2
69.50,1527,178,1
69.50,1527,177,1
69.50,1527,178,1
69.50,1526,177,2
69.50,1526,177,1
69.50,1526,177,1
69.50,1526,177,1
69.50,1525,179,1
69.25,1525,177,2
69.25,1525,177,1
69.25,1525,178,1
69.25,1525,178,1
69.25,1524,178,1
69.25,1524,177,2
69.25,1524,177,1
69.25,1524,177,1
69.25,1524,178,1
69.25,1523,178,2
69.25,1523,177,2
69.25,1523,177,1
69.25,1523,178,1
69.25,1523,177,2
69.25,1522,177,2
69.00,1522,177,1
69.00,1522,178,1
69.00,1521,178,1
69.00,1521,177,2
69.00,1521,178,1
69.00,1521,177,1
69.00,1520,178,1
69.00,1520,177,2
69.00,1520,177,1
69.00,1519,177,1
69.00,1519,177,1
69.00,1519,179,1
69.00,1519,177,2
68.75,1518,177,1
68.75,1518,177,1
68.75,1518,178,1
68.75,1518,177,2
68.75,1517,177,1
68.75,1517,178,1
68.75,1517,178,1
68.75,1516,177,2
68.75,1516,178,2
68.75,1516,177,1
68.75,1516,177,1
68.75,1515,178,1
68.75,1515,177,3
68.50,1515,177,1
68.50,1515,177,1
68.50,1515,178,1
68.50,1515,177,2
68.50,1515,177,2
68.50,1515,177,1
68.50,1515,177,1
68.50,1514,178,1
68.50,1514,177,2
68.50,1514,178,2
68.50,1514,177,1
68.50,1513,178,1
68.50,1513,178,1
68.50,1513,177,2
68.25,1513,177,1
68.25,1513,177,1
68.25,1512,178,1
68.25,1512,177,2
68.25,1512,177,2
68.25,1512,178,1
68.25,1512,177,1
68.25,1511,178,1
68.25,1511,177,2
68.25,1511,177,2
68.25,1511,177,1
68.25,1511,177,1
68.25,1511,179,1
68.25,1510,177,2
68.00,1510,177,2
68.00,1510,177,1
68.00,1510,177,1
68.00,1510,178,1
68.00,1510,177,2
68.00,1509,178,2
68.00,1509,177,1
68.00,1509,177,1
68.00,1509,178,2
68.00,1509,177,2
68.00,1508,177,1
68.00,1508,177,1
67.75,1508,178,1
67.75,1508,177,2
67.75,1508,177,1
67.75,1508,178,1
67.75,1508,178,1
67.75,1508,177,2
67.75,1508,177,2
67.75,1508,177,1
67.75,1508,177,1
67.75,1508,178,1
67.75,1508,178,2
67.75,1508,177,1
67.50,1507,177,1
67.50,1507,179,1
67.50,1507,177,2
67.50,1507,177,2
67.50,1507,177,1
67.50,1506,177,2
67.50,1506,178,1
67.50,1506,177,2
67.50,1506,178,1
67.50,1505,177,1
67.50,1505,178,1
67.50,1505,177,2
67.50,1504,177,1
67.50,1504,177,1
67.25,1503,178,1
67.25,1503,178,1
67.25,1503,177,2
67.25,1502,177,1
67.25,1502,177,1
67.25,1501,178,1
67.25,1501,178,1
67.25,1501,177,2
67.25,1500,177,2
67.25,1500,177,1
67.25,1500,178,1
67.25,1500,178,2
67.25,1499,177,2
67.25,1499,177,1
67.00,1499,177,1
67.00,1499,178,1
67.00,1499,177,2
67.00,1498,177,1
67.00,1498,178,1
67.00,1498,177,1
67.00,1498,178,1
67.00,1498,177,2
67.00,1497,177,1
67.00,1497,177,1
67.00,1497,178,1
67.00,1496,177,1
66.75,1496,177,1
66.75,1496,179,1
66.75,1495,177,2
66.75,1495,177,2
66.75,1495,177,1
66.75,1495,177,1
66.75,1494,178,1
66.75,1494,177,2
66.75,1494,178,1
66.75,1494,177,1
66.75,1494,178,1
66.75,1493,177,2
66.75,1493,177,2
66.50,1493,177,1
66.50,1492,177,1
66.50,1492,179,1
66.50,1492,177,2
66.50,1491,177,1
66.50,1491,178,1
66.50,1491,178,1
66.50,1490,177,2
66.50,1490,177,2
66.50,1490,177,1
66.25,1489,177,1
66.25,1489,178,1
66.25,1488,178,2
66.25,1488,177,2
66.25,1488,177,1
66.25,1487,177,1
66.25,1487,177,2
66.25,1486,177,2
66.25,1486,177,1
66.25,1486,178,1
66.25,1485,178,1
66.00,1485,177,2
66.00,1485,178,1
66.00,1485,177,1
66.00,1484,178,1
66.00,1484,177,2
66.00,1484,177,3
66.00,1484,177,1
66.00,1484,177,1
66.00,1484,179,1
66.00,1484,177,2
66.00,1484,177,1
66.00,1484,177,1
66.00,1484,178,1
66.00,1484,177,2
66.00,1484,177,1
66.00,1484,178,1
65.75,1484,178,1
65.75,1484,177,2
65.75,1484,177,2
65.75,1483,177,1
65.75,1483,177,1
65.75,1483,178,1
65.75,1483,177,3
65.75,1483,177,1
65.75,1483,177,1
65.75,1483,179,1
65.75,1482,177,2
65.75,1482,177,2
65.75,1482,177,1
65.75,1481,177,1
65.75,1481,178,1
65.75,1481,178,1
65.75,1480,178,2
65.75,1480,177,1
65.75,1479,177,1
65.75,1479,178,1
65.50,1479,177,2
65.50,1478,177,1
65.50,1478,177,1
65.50,1478,179,1
65.50,1478,177,2
65.50,1477,177,2
65.50,1477,178,1
65.50,1477,177,1
65.50,1477,177,2
65.50,1477,177,2
65.50,1476,177,1
65.50,1477,177,1
65.50,1477,178,1
65.25,1477,178,2
65.25,1476,177,2
65.25,1476,177,1
65.25,1476,177,1
65.25,1476,178,1
65.25,1476,177,2
65.25,1476,177,1
65.25,1476,178,1
65.25,1476,178,1
65.25,1476,177,2
65.25,1476,178,2
65.00,1475,177,1
65.00,1475,177,1
65.00,1475,178,1
65.00,1475,177,3
65.00,1475,177,1
65.00,1474,177,1
65.00,1474,179,1
65.00,1474,177,2
65.00,1474,177,2
65.00,1473,177,1
65.00,1473,177,1
65.00,1473,178,1
65.00,1473,177,2
64.75,1473,178,1
64.75,1472,177,1
64.75,1472,178,1
64.75,1472,178,2
64.75,1472,177,2
64.75,1471,177,1
64.75,1471,177,1
64.75,1471,177,3
64.75,1470,177,2
64.75,1470,177,1
64.75,1470,178,1
64.75,1470,178,1
64.75,1470,178,1
64.75,1469,177,2
64.50,1469,177,1
64.50,1469,177,1
64.50,1469,178,1
64.50,1469,178,2
64.50,1469,177,2
64.50,1469,177,1
64.50,1469,177,1
64.50,1469,177,2
64.50,1468,177,2
64.50,1469,177,1
64.50,1468,177,2
64.50,1468,178,1
64.50,1468,177,2
64.50,1468,178,1
64.50,1468,177,1
64.50,1468,177,1
64.25,1468,177,2
64.25,1468,177,2
64.25,1468,177,1
64.25,1468,177,1
64.25,1468,179,1
64.25,1468,177,2
64.25,1468,177,1
64.25,1468,177,1
64.25,1468,177,1
64.25,1468,178,1
64.25,1468,177,2
64.25,1468,178,2
64.25,1468,177,1
64.25,1468,178,1
64.25,1468,178,2
64.25,1468,177,1
64.25,1468,177,1
64.25,1468,177,1
64.00,1468,178,1
64.00,1468,177,2
64.00,1468,177,1
64.00,1468,178,1
64.00,1468,177,2
64.00,1468,177,2
64.00,1468,177,1
64.00,1468,177,1
64.00,1468,177,2
64.00,1468,178,2
64.00,1468,177,1
64.00,1469,177,1
64.00,1468,179,1
64.00,1468,177,2
64.00,1468,177,2
64.00,1468,177,1
64.00,1468,177,1
64.00,1468,178,1
64.00,1468,177,2
64.00,1468,178,1
64.00,1468,177,1
64.00,1468,178,1
63.75,1468,177,2
63.75,1467,177,2
63.75,1467,177,1
63.75,1467,177,1
63.75,1467,178,2
63.75,1466,177,2
63.75,1466,177,1
63.75,1465,177,1
63.75,1465,178,1
63.75,1465,177,2
63.75,1464,177,2
63.75,1464,177,2
63.75,1464,177,1
63.75,1463,177,2
63.50,1462,178,2
63.50,1462,177,1
63.50,1462,177,1
63.50,1461,178,1
63.50,1460,177,2
63.50,1460,177,1
63.50,1460,177,1
63.50,1459,179,1
63.50,1459,177,2
63.50,1459,177,1
63.50,1458,177,1
63.50,1458,177,1
63.50,1458,177,2
63.50,1458,177,2
63.50,1458,177,2
63.25,1457,177,1
63.25,1457,178,1
63.25,1457,178,2
63.25,1457,177,1
63.25,1457,177,1
63.25,1457,178,1
63.25,1457,177,2
63.25,1456,177,2
63.25,1457,177,1
63.25,1456,178,1
63.25,1456,178,1
63.00,1456,177,2
63.00,1456,177,1
63.00,1456,177,1
63.00,1456,178,1
63.00,1456,178,1
63.00,1456,177,3
63.00,1455,177,1
63.00,1455,177,1
63.00,1455,179,1
63.00,1455,177,2
63.00,1454,177,2
63.00,1454,177,1
63.00,1454,177,1
62.75,1454,178,1
62.75,1453,177,2
62.75,1453,178,1
62.75,1453,177,1
62.75,1453,178,1
62.75,1453,177,2
62.75,1453,177,2
62.75,1452,177,1
62.75,1452,177,1
62.75,1453,179,1
62.75,1452,177,2
62.75,1452,177,1
62.75,1452,178,1
62.75,1452,178,1
62.75,1452,177,2
62.75,1451,177,2
62.75,1451,177,1
62.75,1451,177,1
62.75,1451,178,1
62.75,1450,177,1
62.75,1450,177,1
62.50,1450,178,1
62.50,1450,177,2
62.50,1449,177,2
62.50,1449,177,1
62.50,1449,178,1
62.50,1449,178,1
62.50,1449,177,2
62.50,1449,178,1
62.50,1449,177,1
62.50,1449,178,1
62.50,1449,177,2
62.50,1448,177,1
62.50,1448,177,1
62.50,1448,177,1
62.50,1448,178,2
62.25,1447,177,2
62.25,1447,177,1
62.25,1447,177,1
62.25,1447,178,1
62.25,1446,177,2
62.25,1446,177,1
62.25,1446,178,1
62.25,1446,178,1
62.25,1445,177,2
62.25,1445,177,2
62.25,1445,177,1
62.25,1445,178,1
62.25,1444,178,1
62.25,1444,177,3
62.25,1444,177,1
62.00,1444,177,1
62.00,1443,177,2
62.00,1443,177,2
62.00,1443,177,1
62.00,1443,177,1
62.00,1443,177,2
62.00,1443,177,2
62.00,1443,178,1
62.00,1443,177,1
62.00,1443,178,1
62.00,1443,177,2
62.00,1443,177,1
62.00,1443,177,1
62.00,1442,178,1
62.00,1442,177,3
62.00,1442,177,2
62.00,1442,177,1
62.00,1442,178,1
62.00,1442,178,1
62.00,1442,177,2
62.00,1442,177,1
62.00,1442,177,1
62.00,1441,177,1
62.00,1441,177,2
62.00,1441,178,2
62.00,1441,177,1
62.00,1440,177,1
61.75,1440,178,1
61.75,1440,177,2
61.75,1439,177,2
61.75,1439,177,1
61.75,1439,178,1
61.75,1438,178,1
61.75,1438,177,2
61.75,1437,178,1
61.75,1437,177,1
61.75,1436,178,1
61.75,1436,177,2
61.75,1436,177,1
61.75,1436,177,1
61.50,1435,177,1
61.50,1435,178,2
61.50,1434,177,2
61.50,1434,177,1
61.50,1434,177,1
61.50,1433,178,1
61.50,1433,177,2
61.50,1433,177,1
61.50,1432,178,1
61.50,1432,178,1
61.50,1432,177,2
61.50,1432,178,2
61.50,1431,177,1
61.50,1431,177,1
61.50,1431,178,1
61.50,1431,177,3
61.50,1431,177,1
61.50,1431,177,1
61.25,1431,179,1
61.25,1431,177,2
61.25,1430,177,2
61.25,1430,177,1
61.25,1430,177,1
61.25,1430,178,1
61.25,1430,177,2
61.25,1430,178,1
61.25,1430,177,1
61.25,1430,178,1
61.25,1429,178,2
61.25,1429,177,2
61.25,1429,177,1
61.25,1429,177,1
61.25,1429,178,2
61.25,1429,177,2
61.25,1429,177,1
61.25,1429,178,1
61.25,1429,178,1
61.25,1429,177,2
61.00,1428,177,2
61.00,1429,177,1
61.00,1428,177,1
61.00,1428,177,2
61.00,1428,178,2
61.00,1428,177,1
61.00,1427,177,1
61.00,1427,178,1
61.00,1427,177,2
61.00,1427,177,2
61.00,1427,177,1
61.00,1427,179,1
61.00,1426,177,2
61.00,1426,177,1
61.00,1426,178,1
61.00,1426,177,1
60.75,1425,177,2
60.75,1425,177,2
60.75,1425,177,1
60.75,1425,177,1
60.75,1425,177,2
60.75,1424,178,2
60.75,1424,177,1
60.75,1424,177,1
60.75,1423,178,1
60.75,1423,177,2
60.75,1422,177,2
60.75,1422,177,1
60.75,1422,178,1
60.75,1422,178,1
60.75,1422,177,2
60.75,1421,178,1
60.75,1421,177,1
60.50,1421,178,1
60.50,1420,177,2
60.50,1420,177,2
60.50,1420,177,1
60.50,1419,177,1
60.50,1419,179,1
60.50,1419,177,2
60.50,1418,177,2
60.50,1418,177,1
60.50,1418,177,1
60.50,1417,178,1
60.50,1417,177,2
60.50,1417,178,2
60.50,1416,177,1
60.50,1416,177,1
60.50,1416,179,1
60.50,1415,177,2
60.25,1415,177,1
60.25,1415,177,1
60.25,1415,177,2
60.25,1414,178,1
60.25,1414,177,2
60.25,1414,178,1
60.25,1413,177,1
60.25,1413,177,1
60.25,1413,177,2
60.25,1413,177,2
60.25,1413,177,1
60.25,1412,177,1
60.25,1412,179,1
60.25,1412,177,2
60.25,1412,177,2
60.25,1412,177,1
60.25,1411,177,1
60.25,1411,178,1
60.25,1410,177,2
60.25,1410,177,2
60.00,1409,177,1
60.00,1409,178,1
60.00,1409,178,2
60.00,1409,177,1
60.00,1409,177,1
60.00,1408,178,1
60.00,1408,177,2
60.00,1408,177,2
60.00,1408,177,1
60.00,1408,178,1
60.00,1408,178,1
60.00,1408,177,2
60.00,1408,177,2
60.00,1407,177,1
60.00,1408,177,1
60.00,1408,177,2
60.00,1407,177,3
59.75,1407,177,1
59.75,1407,177,1
59.75,1407,179,1
59.75,1407,177,2
59.75,1407,177,1
59.75,1407,177,1
59.75,1406,178,1
59.75,1406,177,2
59.75,1406,177,2
59.75,1406,178,1
59.75,1405,177,1
59.75,1405,178,1
59.75,1405,177,2
59.75,1405,177,1
59.75,1405,177,1
59.75,1404,177,1
59.75,1404,178,2
59.75,1404,177,2
59.75,1404,177,1
59.75,1404,178,1
59.75,1403,178,1
59.75,1403,177,2
59.50,1403,177,1
59.50,1403,177,1
59.50,1403,178,1
59.50,1402,177,2
59.50,1402,178,1
59.50,1402,177,1
59.50,1402,178,1
59.50,1401,177,2
59.50,1401,177,2
59.50,1401,177,1
59.50,1401,177,1
59.50,1401,179,1
59.50,1400,177,2
59.50,1400,177,1
59.50,1400,178,1
59.50,1400,178,1
59.50,1400,177,2
59.50,1399,177,1
59.50,1399,177,1
59.50,1399,178,1
59.50,1399,178,1
59.50,1399,178,2
59.50,1398,177,1
59.25,1398,177,1
59.25,1398,178,1
59.25,1398,177,2
59.25,1398,177,2
59.25,1398,177,1
59.25,1397,178,1
59.25,1397,177,2
59.25,1397,177,2
59.25,1397,177,1
59.25,1397,177,1
59.25,1397,177,1
59.25,1397,178,1
59.25,1396,177,3
59.25,1396,177,1
59.25,1396,177,1
59.25,1396,178,1
59.25,1396,177,2
59.25,1396,177,2
59.25,1395,177,1
59.25,1395,177,1
59.25,1395,178,1
59.25,1395,177,2
59.25,1395,178,1
59.00,1394,177,1
59.00,1394,178,1
59.00,1394,177,2
59.00,1394,177,2
59.00,1393,177,1
59.00,1393,177,1
59.00,1393,179,1
59.00,1393,177,2
59.00,1392,177,1
59.00,1392,178,1
59.00,1392,178,1
59.00,1392,177,2
59.00,1392,177,2
59.00,1391,177,1
59.00,1391,177,1
59.00,1391,178,1
59.00,1391,178,2
59.00,1391,177,1
59.00,1390,177,1
59.00,1390,178,1
58.75,1390,177,2
58.75,1390,177,2
58.75,1390,177,1
58.75,1390,178,1
58.75,1390,177,2
58.75,1390,177,2
58.75,1389,178,1
58.75,1389,177,1
58.75,1389,178,1
58.75,1389,177,2
58.75,1390,177,3
58.75,1389,177,1
58.75,1389,178,1
58.75,1390,179,1
58.75,1390,177,2
58.75,1390,177,1
58.75,1390,177,1
58.75,1390,178,1
58.75,1390,177,2
58.75,1390,177,2
58.50,1390,178,1
58.50,1390,177,1
58.50,1390,178,1
58.50,1390,178,2
58.50,1390,177,1
58.50,1390,177,1
58.50,1390,178,1
58.50,1390,177,3
58.50,1390,177,2
58.50,1390,177,1
58.50,1390,178,1
58.50,1390,177,2
58.50,1390,177,2
58.50,1390,177,1
58.50,1390,177,1
58.50,1390,178,1
58.50,1390,177,2
58.50,1390,178,1
58.50,1390,177,1
58.50,1390,178,1
58.50,1390,178,2
58.25,1390,177,2
58.25,1390,178,2
58.25,1390,177,2
58.25,1390,177,1
58.25,1390,178,1
58.25,1390,177,1
58.25,1390,178,1
58.25,1389,177,2
58.25,1389,177,1
58.25,1389,177,1
58.25,1389,178,1
58.25,1389,178,2
58.25,1389,177,2
58.25,1389,177,1
58.25,1388,177,1
58.25,1389,177,2
58.25,1388,177,2
58.25,1388,177,1
58.25,1388,178,1
58.25,1388,178,1
58.25,1388,177,2
58.25,1388,178,2
58.25,1387,177,1
58.25,1387,177,1
58.00,1387,178,1
58.00,1386,177,2
58.00,1386,177,1
58.00,1385,178,1
58.00,1385,178,1
58.00,1385,177,2
58.00,1385,177,1
58.00,1384,177,1
58.00,1384,177,1
58.00,1384,177,2
58.00,1384,178,2
58.00,1383,177,1
58.00,1383,177,1
58.00,1383,179,1
58.00,1383,177,2
58.00,1383,177,1
58.00,1382,177,1
58.00,1382,178,1
58.00,1382,177,2
58.00,1382,177,1
58.00,1382,178,1
58.00,1381,178,1
58.00,1381,177,2
58.00,1381,177,1
58.00,1381,177,1
57.75,1381,178,1
57.75,1380,177,2
57.75,1380,178,2
57.75,1380,177,1
57.75,1379,177,1
57.75,1379,179,1
57.75,1379,177,2
57.75,1378,177,2
57.75,1378,177,1
57.75,1377,177,2
57.75,1377,178,1
57.75,1376,177,2
57.75,1375,178,1
57.75,1375,177,1
57.75,1375,178,1
57.75,1374,178,1
57.75,1374,177,2
57.50,1373,177,1
57.50,1373,179,1
57.50,1372,177,2
57.50,1372,177,2
57.50,1371,177,1
57.50,1371,177,1
57.50,1371,178,1
57.50,1370,177,2
57.50,1370,177,2
57.50,1370,177,1
57.50,1369,178,1
57.50,1369,178,2
57.50,1368,177,2
57.50,1368,177,1
57.50,1368,178,1
57.50,1367,177,2
57.50,1367,177,2
57.50,1366,177,1
57.25,1366,178,1
57.25,1366,178,1
57.25,1365,177,2
57.25,1365,177,1
57.25,1365,177,1
57.25,1364,178,1
57.25,1363,177,2
57.25,1363,177,3
57.25,1363,177,1
57.25,1363,177,1
57.25,1362,179,1
57.25,1362,177,2
57.25,1361,177,1
57.25,1361,177,1
57.25,1361,177,1
57.25,1361,177,2
57.25,1360,177,2
57.00,1360,178,1
57.00,1360,177,1
57.00,1359,178,1
57.00,1359,177,2
57.00,1359,177,2
57.00,1359,177,1
57.00,1358,177,1
57.00,1358,179,1
57.00,1357,177,2
57.00,1357,177,1
57.00,1357,178,1
57.00,1357,178,1
57.00,1357,177,2
57.00,1356,177,1
57.00,1356,177,1
57.00,1356,178,1
57.00,1356,177,2
56.75,1356,178,2
56.75,1356,177,1
56.75,1355,177,1
56.75,1355,178,1
56.75,1355,177,2
56.75,1355,177,1
56.75,1355,177,1
56.75,1355,179,1
56.75,1355,177,2
56.75,1355,177,2
56.75,1355,178,1
56.75,1355,177,1
56.75,1355,178,1
56.75,1355,177,2
56.75,1354,177,1
56.75,1354,177,1
56.75,1355,177,1
56.50,1354,177,1
56.50,1354,178,1
56.50,1354,177,2
56.50,1354,177,2
56.50,1354,178,1
56.50,1353,177,1
56.50,1353,178,1
56.50,1353,177,2
56.50,1353,177,1
56.50,1352,177,1
56.50,1352,178,1
56.50,1352,177,3
56.50,1352,177,1
56.50,1351,177,1
56.50,1351,178,1
56.50,1351,178,1
56.50,1351,177,2
56.50,1350,177,1
56.50,1350,177,1
56.50,1350,178,1
56.50,1350,177,2
56.25,1349,177,2
56.25,1349,177,2
56.25,1348,177,1
56.25,1348,178,1
56.25,1348,178,1
56.25,1348,177,2
56.25,1348,178,1
56.25,1347,177,1
56.25,1347,178,1
56.25,1347,177,2
56.25,1347,177,2
56.25,1346,177,1
56.25,1346,177,1
56.25,1346,179,1
56.25,1346,177,2
56.25,1346,177,1
56.25,1346,177,1
56.25,1346,178,1
56.25,1345,177,2
56.25,1345,177,2
56.00,1343,178,1
55.25,1338,177,1
54.50,1332,178,1
53.75,1325,178,2
53.25,1318,177,2
52.75,1312,177,1
52.25,1306,177,1
52.00,1302,177,3
51.50,1297,177,2
51.25,1293,177,1
50.75,1289,178,1
50.50,1285,178,1
50.00,1281,177,2
49.75,1277,177,2
49.50,1274,177,1
49.25,1271,177,1
49.00,1268,177,2
49.00,1266,178,2
48.75,1263,177,1
48.50,1261,177,1
48.50,1259,179,1
48.25,1258,177,2
48.25,1256,177,2
48.00,1255,177,1
48.00,1253,177,2
47.75,1252,178,1
47.75,1250,177,2
47.50,1249,178,1
47.50,1248,177,1
47.50,1247,178,1
47.25,1246,177,2
47.25,1245,177,1
47.00,1244,177,1
47.00,1243,178,1
47.00,1243,178,2
46.75,1242,177,2
46.75,1241,177,1
46.75,1240,177,1
46.75,1240,178,1
46.75,1239,177,2
46.75,1239,177,1
46.50,1238,177,2
46.50,1238,177,1
46.50,1237,178,1
46.50,1237,178,2
46.50,1237,177,1
46.50,1237,177,2
46.50,1236,177,1
46.50,1236,177,1
46.50,1236,178,1
46.50,1235,177,2
46.50,1235,177,2
46.50,1235,177,2
46.50,1234,178,1
46.50,1234,178,1
46.50,1233,178,2
46.50,1233,177,1
46.50,1233,177,1
46.50,1232,178,1
46.50,1232,177,2
46.50,1231,177,1
46.50,1231,177,1
46.25,1231,179,1
46.25,1231,177,2
46.25,1230,177,2
46.25,1230,177,1
46.25,1230,177,1
46.25,1229,178,1
46.25,1229,177,2
46.25,1229,177,3
46.25,1228,177,1
46.25,1228,177,1
46.25,1228,178,2
46.25,1228,177,2
46.25,1227,177,1
46.25,1227,177,1
46.25,1227,178,1
46.25,1226,177,2
46.25,1226,177,2
46.25,1226,178,1
46.25,1226,178,1
46.25,1226,178,1
46.25,1225,177,2
46.25,1225,177,1
46.25,1225,177,1
46.25,1225,178,1
46.25,1225,178,2
46.25,1224,177,2
46.25,1224,177,1
46.25,1224,178,1
46.25,1224,178,1
46.25,1224,177,2
46.25,1223,177,1
46.25,1223,177,1
46.25,1223,178,1
46.25,1223,177,2
46.25,1223,178,2
46.25,1223,177,1
46.00,1222,178,1
46.00,1221,177,1
46.00,1221,178,1
46.00,1221,177,2
46.00,1221,177,1
46.00,1221,177,1
46.00,1221,178,1
46.00,1221,178,2
46.00,1220,177,2
46.00,1220,177,1
46.00,1220,177,1
46.00,1220,177,2
46.00,1220,177,2
46.00,1219,177,1
46.00,1219,178,1
46.00,1219,178,1
46.00,1219,177,2
46.00,1218,177,2
46.00,1218,177,1
46.00,1218,177,1
46.00,1218,177,2
46.00,1218,177,3
46.00,1217,177,1
46.00,1217,177,1
46.00,1217,179,1
46.00,1217,177,2
46.00,1217,177,1
46.00,1217,177,1
46.00,1217,178,1
46.00,1217,177,2
46.00,1217,177,1
46.00,1216,178,1
46.00,1216,178,1
46.00,1216,177,2
46.00,1216,177,2
46.00,1216,177,1
46.00,1216,177,1
46.00,1215,178,1
46.00,1215,177,3
46.00,1215,177,1
46.00,1215,177,1
46.00,1215,179,1
46.00,1215,177,2
46.00,1215,177,1
46.00,1215,177,1
46.00,1214,178,1
46.00,1214,177,2
46.00,1214,177,2
46.00,1214,178,1
46.00,1213,177,1
46.00,1213,178,1
46.00,1213,177,2
46.00,1213,177,1
46.00,1213,177,1
46.00,1213,178,1
46.00,1212,177,3
46.00,1212,177,2
46.00,1212,177,1
46.00,1212,178,1
46.00,1212,178,1
46.00,1212,177,2
46.00,1211,177,1
46.00,1211,177,1
46.00,1211,178,1
46.00,1211,177,2
46.00,1211,178,2
46.00,1210,177,2
46.00,1210,177,1
46.00,1210,177,1
45.75,1210,179,1
45.75,1210,177,2
45.75,1210,177,2
45.75,1210,178,1
45.75,1209,177,1
45.75,1209,178,1
45.75,1209,177,2
45.75,1209,177,1
45.75,1209,177,1
45.75,1209,177,1
45.75,1209,179,1
45.75,1209,177,2
45.75,1209,177,1
45.75,1209,177,1
45.75,1209,178,1
45.75,1209,178,1
45.75,1209,177,2
45.75,1208,178,1
45.75,1208,177,1
45.75,1208,177,1
45.75,1208,179,1
45.75,1208,177,2
45.75,1208,177,1
45.75,1208,177,1
45.75,1208,178,2
45.75,1208,177,2
45.75,1208,177,2
45.75,1207,178,1
45.75,1207,177,1
45.75,1207,178,1
45.75,1207,177,2
45.75,1207,177,2
45.75,1207,177,1
45.75,1207,177,1
45.75,1207,179,1
45.75,1207,177,2
45.75,1207,177,2
45.75,1207,177,1
45.75,1207,177,1
45.75,1207,178,1
45.75,1207,177,2
45.75,1206,178,1
45.75,1206,177,1
45.75,1206,178,1
45.50,1206,178,2
45.50,1206,177,1
45.50,1206,177,1
45.50,1206,178,1
45.50,1206,177,2
45.50,1206,177,2
45.50,1206,177,1
45.50,1206,178,1
45.50,1206,178,1
45.50,1206,177,2
45.50,1206,177,2
45.50,1206,177,1
45.50,1206,177,1
45.50,1205,177,2
45.50,1205,178,2
45.50,1205,177,1
45.50,1205,177,1
45.50,1205,178,2
45.50,1205,177,2
45.50,1205,177,1
45.50,1205,177,1
45.50,1204,178,1
45.50,1204,177,2
45.50,1204,177,2
45.50,1204,178,1
45.50,1204,177,1
45.50,1204,177,2
45.50,1204,177,2
45.50,1204,177,1
45.50,1203,177,1
45.50,1203,177,1
45.50,1203,178,2
45.50,1203,177,2
45.50,1203,177,1
45.50,1203,177,1
45.50,1203,178,1
45.50,1202,177,2
45.50,1202,177,2
45.50,1202,177,2
45.50,1202,177,1
45.50,1202,178,1
45.50,1202,178,2
45.50,1202,177,1
45.50,1201,177,1
45.50,1202,178,1
45.50,1201,177,2
45.50,1201,177,2
45.50,1201,177,1
45.50,1201,178,1
45.50,1201,178,1
45.50,1201,177,2
45.50,1201,177,1
45.50,1201,177,1
45.50,1200,178,1
45.50,1200,177,2
45.50,1200,177,3
45.50,1200,177,1
45.50,1200,177,1
45.50,1200,179,1
45.50,1200,177,2
45.50,1200,177,2
45.50,1200,177,1
45.50,1200,177,1
45.50,1200,178,1
45.25,1199,177,2
45.25,1199,177,1
45.25,1199,177,1
45.25,1199,179,1
45.25,1199,177,2
45.25,1199,177,1
45.25,1199,178,1
45.25,1199,177,1
45.25,1199,178,1
45.25,1198,177,2
45.25,1198,177,1
45.25,1198,177,1
45.25,1198,178,1
45.25,1198,178,2
45.25,1198,177,2
45.25,1198,177,1
45.25,1198,177,1
45.25,1198,177,2
45.25,1198,177,2
45.25,1197,177,1
45.25,1197,178,1
45.25,1197,178,1
45.25,1197,177,2
45.25,1197,178,1
45.25,1197,177,1
45.25,1197,178,1
45.25,1197,177,2
45.25,1197,177,1
45.25,1196,177,1
45.25,1197,177,1
45.25,1196,179,1
45.25,1196,177,2
45.25,1196,177,1
45.25,1196,177,1
45.25,1196,178,1
45.25,1196,177,2
45.25,1196,177,2
45.25,1196,178,1
45.25,1196,177,1
45.25,1196,178,1
45.25,1196,178,2
45.25,1196,177,1
45.25,1196,177,1
45.25,1196,178,1
45.25,1196,178,2
45.25,1196,177,2
45.25,1196,177,1
45.25,1196,178,1
45.25,1196,178,1
45.25,1196,177,2
45.25,1196,177,1
45.25,1197,178,1
45.00,1196,177,2
45.00,1196,177,1
45.00,1197,177,1
45.00,1196,179,1
45.00,1196,177,2
45.00,1195,177,2
45.00,1194,177,1
44.75,1192,177,1
44.75,1191,177,2
44.50,1190,177,2
44.50,1189,178,1
44.50,1188,177,1
44.50,1187,177,2
44.25,1186,178,2
44.25,1185,177,1
44.25,1184,177,1
44.25,1183,178,1
44.00,1183,177,2
44.00,1181,177,1
44.00,1180,177,1
43.75,1179,179,1
43.75,1179,177,2
43.75,1178,177,1
43.75,1177,177,1
43.50,1176,178,1
43.50,1176,177,2
43.50,1175,177,2
43.50,1174,178,1
43.50,1174,177,1
43.50,1173,178,1
43.25,1173,178,2
43.25,1172,177,1
43.25,1171,177,1
43.25,1171,177,1
43.25,1171,178,2
43.25,1170,177,2
43.25,1170,177,2
43.25,1169,178,1
43.25,1169,177,1
43.00,1168,177,1
43.00,1167,177,1
43.00,1167,178,1
43.00,1167,179,1
43.00,1166,177,2
43.00,1166,177,1
43.00,1165,177,1
42.75,1164,178,1
42.75,1163,177,2
42.50,1162,177,2
42.50,1160,177,2
42.25,1159,177,1
42.25,1156,178,1
42.00,1154,178,2
41.75,1151,177,1
41.50,1149,177,1
41.50,1146,178,1
41.25,1143,177,2
41.00,1140,177,1
41.00,1138,177,1
40.75,1135,179,1
40.75,1132,177,2
40.75,1129,177,1
40.50,1127,177,1
40.50,1124,178,1
40.25,1122,178,1
40.25,1119,177,2
40.25,1117,177,2
40.00,1115,177,1
40.00,1113,178,1
40.00,1111,178,2
39.75,1108,177,2
39.50,1103,177,1
39.25,1098,177,1
39.00,1093,178,1
38.75,1089,177,2
38.50,1085,177,1
38.25,1080,178,1
38.25,1076,177,1
38.00,1073,178,1
38.00,1070,177,2
38.00,1067,177,1
37.75,1064,177,1
37.75,1062,178,1
37.75,1060,178,2
37.75,1058,177,2
37.50,1056,177,1
37.50,1055,178,1
37.50,1054,177,2
37.50,1053,177,2
37.50,1052,177,1
37.50,1051,177,1
37.25,1050,178,1
37.25,1049,177,2
37.25,1049,178,1
37.25,1048,177,1
37.25,1047,178,1
37.25,1047,177,2
37.25,1047,177,2
37.25,1046,177,1
37.00,1046,177,1
37.00,1046,179,1
37.00,1045,177,2
37.00,1045,177,1
37.00,1044,178,1
37.00,1044,178,1
37.00,1044,177,2
37.00,1043,177,2
37.00,1043,177,1
37.00,1042,178,1
37.00,1042,177,2
37.00,1042,178,2
37.00,1041,177,1
37.00,1041,177,1
37.00,1041,178,1
37.00,1041,177,2
37.00,1040,177,2
37.00,1040,177,1
37.00,1039,178,1
36.75,1039,178,1
36.75,1039,177,2
36.75,1038,177,1
36.75,1038,177,1
36.75,1037,178,1
36.75,1037,177,2
36.75,1037,177,2
36.75,1036,177,1
36.75,1036,178,1
36.75,1036,178,2
36.75,1036,177,1
36.50,1035,177,1
36.50,1035,177,2
36.50,1034,177,2
36.50,1034,177,1
36.50,1033,178,1
36.50,1033,178,1
36.50,1033,177,2
36.50,1033,177,1
36.50,1032,177,1
36.50,1032,178,1
36.50,1032,177,2
36.50,1031,177,3
36.50,1031,177,1
36.50,1031,177,1
36.50,1031,178,2
36.50,1030,177,2
36.50,1030,177,1
36.50,1030,177,1
36.50,1029,178,1
36.50,1029,177,2
36.50,1029,177,1
36.50,1028,178,1
36.50,1028,178,1
36.50,1028,177,2
36.50,1028,177,2
36.50,1027,177,1
36.50,1027,177,1
36.50,1027,177,2
36.50,1027,177,3
36.50,1027,177,1
36.50,1026,177,1
36.50,1027,179,1
36.50,1026,177,2
36.50,1026,177,2
36.50,1026,177,1
36.50,1026,177,1
36.50,1026,177,2
36.50,1025,177,2
36.50,1025,178,1
36.50,1025,177,1
36.50,1025,178,1
36.50,1025,177,2
36.50,1025,177,1
36.50,1025,177,1
36.50,1025,177,1
36.50,1025,178,2
36.50,1025,177,2
36.50,1025,177,1
36.50,1025,178,1
36.50,1025,178,1
36.50,1025,177,2
36.50,1025,177,2
36.50,1025,177,1
36.50,1025,177,1
36.50,1024,177,2
36.50,1025,178,2
36.50,1025,177,1
36.50,1024,177,1
36.50,1024,178,1
36.50,1024,177,2
36.25,1024,177,1
36.25,1024,177,1
36.25,1024,179,1
36.25,1023,177,2
36.25,1023,177,2
36.25,1023,178,1
36.25,1023,177,1
36.25,1023,178,1
36.25,1023,177,2
36.25,1022,177,1
36.25,1022,177,1
36.25,1022,177,1
36.25,1021,179,1
36.25,1021,177,2
36.25,1021,177,1
36.25,1021,177,1
36.25,1021,178,1
36.25,1020,177,2
36.25,1020,177,1
36.25,1020,178,1
36.25,1020,178,1
36.25,1020,177,2
36.25,1019,177,2
36.25,1019,177,1
36.25,1019,177,1
36.25,1019,178,1
36.25,1019,177,3
36.25,1019,177,2
36.25,1019,177,1
36.25,1019,178,1
36.25,1018,178,1
36.25,1018,177,2
36.25,1018,177,2
36.25,1018,177,1
36.25,1018,177,1
36.25,1018,177,2
36.25,1018,178,2
36.25,1018,177,1
36.25,1018,177,1
36.25,1017,178,1
36.25,1017,177,2
36.25,1017,177,2
36.25,1017,177,1
36.25,1017,179,1
36.25,1017,177,2
36.25,1017,177,2
36.25,1016,178,1
36.25,1017,177,1
36.25,1016,177,2
36.25,1016,177,2
36.25,1016,177,1
36.25,1016,177,1
36.25,1016,178,1
36.25,1016,178,2
36.25,1016,177,1
36.25,1016,177,1
36.25,1016,177,1
36.25,1016,177,2
36.25,1016,177,2
36.25,1016,177,1
36.25,1015,178,1
36.25,1016,178,1
36.25,1016,177,2
36.25,1015,178,2
36.25,1015,177,1
36.25,1015,177,1
36.25,1015,177,2
36.25,1015,177,3
36.25,1015,177,1
36.25,1014,177,1
36.25,1015,179,1
36.25,1014,177,2
36.25,1014,177,2
36.25,1014,177,1
36.25,1014,177,1
36.25,1014,178,1
36.25,1014,177,2
36.25,1014,178,1
36.25,1013,177,1
36.25,1013,177,1
36.25,1013,178,2
36.25,1013,177,2
36.25,1013,177,1
36.25,1013,177,1
36.25,1013,177,2
36.25,1013,177,2
36.25,1013,177,2
36.25,1013,178,1
36.25,1013,177,1
36.25,1014,178,1
36.25,1014,177,2
36.25,1014,177,2
36.25,1014,177,1
36.25,1014,177,1
36.25,1014,178,2
36.25,1014,177,2
36.25,1014,177,1
36.25,1014,177,1
36.25,1014,178,1
36.25,1014,177,2
36.25,1014,177,2
36.25,1014,177,2
36.25,1014,177,1
36.25,1014,177,2
36.25,1013,178,2
36.25,1014,177,1
36.25,1014,177,1
36.25,1014,178,1
36.25,1014,177,2
36.25,1014,177,1
36.25,1014,177,1
36.25,1014,179,1
36.25,1014,177,2
36.25,1014,177,2
36.25,1014,177,1
36.25,1014,177,1
36.25,1014,178,1
36.25,1014,177,2
36.25,1014,178,1
36.25,1014,177,1
36.25,1014,178,1
36.25,1014,178,2
36.25,1013,177,2
36.25,1012,177,1
36.00,1010,177,1
36.00,1008,178,1
35.75,1006,177,2
35.75,1004,177,1
35.75,1001,178,1
35.75,999,178,1
35.50,997,177,2
35.50,995,177,1
35.25,993,177,1
35.25,992,178,1
35.00,990,177,2
35.00,988,178,1
35.00,987,177,1
35.00,985,178,1
34.75,984,178,2
34.75,983,177,1
34.75,982,177,1
34.75,981,177,2
34.75,980,177,1
34.75,979,177,1
34.50,978,178,1
34.50,977,178,2
34.50,977,177,1
34.50,976,177,1
34.50,976,178,1
34.50,975,177,2
34.25,975,177,1
34.25,974,177,1
34.25,974,179,1
34.25,974,177,2
34.25,973,177,1
34.25,973,178,1
34.25,973,178,1
34.25,972,177,2
34.25,972,177,1
34.25,972,177,1
34.25,971,177,2
34.25,971,177,2
34.25,971,178,1
34.00,971,178,1
34.00,970,177,2
34.00,970,177,1
34.00,970,177,1
34.00,970,178,1
34.00,969,177,2
34.00,969,178,1
34.00,969,177,1
34.00,969,177,2
34.00,968,178,2
34.00,968,177,1
34.00,968,178,1
34.00,968,177,2
34.00,968,177,2
34.00,967,177,1
34.00,967,178,1
34.00,967,178,2
34.00,967,177,1
33.75,966,177,1
33.75,966,178,1
33.75,966,177,1
33.75,966,177,1
33.75,965,177,3
33.75,965,177,2
33.75,965,177,1
33.75,965,179,1
33.75,965,177,2
33.75,964,177,1
33.75,964,177,1
33.75,965,178,1
33.75,964,177,2
33.75,964,177,1
33.75,964,178,1
33.75,964,177,2
33.75,964,177,2
33.75,963,177,1
33.75,963,178,1
33.75,963,177,2
33.75,963,177,1
33.75,963,177,2
33.75,963,178,1
33.75,962,177,2
33.75,963,178,1
33.75,962,177,1
33.75,962,178,1
33.75,962,177,2
33.75,962,177,1
33.75,962,177,1
33.75,962,177,2
33.75,962,178,2
33.75,961,177,1
33.75,961,178,1
33.75,961,177,2
33.75,961,177,1
33.75,961,177,1
33.75,961,178,1
33.75,961,177,3
33.75,961,177,1
33.75,960,177,1
33.75,960,178,2
33.75,960,177,2
33.75,960,177,1
33.75,960,178,1
33.75,960,177,2
33.75,960,177,1
33.75,960,177,1
33.75,960,179,1
33.75,959,177,2
33.75,959,177,1
33.75,959,177,1
33.75,959,177,2
33.75,959,177,2
33.75,959,177,1
33.75,959,177,2
33.75,959,177,2
33.75,959,177,2
33.75,958,178,1
33.75,958,178,1
33.75,958,177,2
33.75,958,177,1
33.75,958,177,1
33.75,958,178,1
33.75,958,177,2
33.75,958,178,1
33.75,958,177,1
33.75,957,178,1
33.50,957,178,2
33.50,957,177,1
33.50,958,177,1
33.50,958,178,1
33.50,957,177,3
33.50,957,177,1
33.50,957,178,1
33.50,957,178,2
33.50,957,177,2
33.50,957,177,1
33.50,957,178,1 
33.50,956,177,1
33.50,956,178,2
33.50,956,177,2 
33.50,955,178,1
33.50,955,178,1
33.50,955,177,2
33.50,955,177,1
33.50,955,177,1
33.50,955,178,1
33.50,955,177,2
33.50,955,178,1
33.50,955,177,1
33.50,955,177,2
33.50,955,178,2
33.50,954,177,1
33.50,954,178,1
33.50,954,177,2
33.50,954,177,1
33.50,955,177,1
33.50,954,178,1
33.50,954,178,2
33.50,954,177,1
33.50,954,177,1
33.50,954,178,1
33.50,954,177,2
33.50,954,177,1
33.50,954,177,1
33.50,954,178,2
33.50,953,177,2
33.50,954,177,1
33.50,953,179,1
33.50,954,177,2
33.50,953,177,2
33.50,953,177,1
33.50,953,177,1
33.50,953,177,2
33.50,953,177,1
33.50,953,178,1
33.50,953,178,1
33.50,953,177,2
33.50,953,177,1
33.50,953,177,1
33.50,952,177,2
33.50,953,177,2
33.50,952,178,1
33.50,952,178,1
33.50,952,177,2
33.50,952,178,2
33.50,952,177,1
33.50,952,177,1
33.50,952,177,2
33.50,952,177,3
33.50,952,177,1
33.50,952,177,1
33.50,952,178,2
33.50,951,177,1
33.50,951,177,1
33.50,951,178,1
33.50,951,177,2
33.50,951,177,1
33.50,951,177,1
33.50,951,179,1
33.50,951,177,2
33.50,951,177,1
33.50,951,178,1
33.50,951,177,2
33.50,951,177,2
33.50,951,177,1
33.50,951,178,1
33.50,951,177,2
33.50,951,177,1
33.50,950,178,1
33.50,951,178,1
33.50,950,177,2
33.50,950,177,1
33.50,950,177,1
33.50,950,178,1
33.50,950,177,2
33.50,950,178,1
33.50,950,177,1
33.50,950,178,1
33.50,950,178,2
33.50,950,177,1
33.50,950,178,1
33.50,950,177,2
33.50,950,177,2
33.50,950,177,1
33.50,950,178,1
33.50,950,178,2
33.50,950,177,1
33.50,950,177,1
33.50,950,178,1
33.50,950,177,2
33.50,950,177,1
33.50,950,177,1
33.50,949,177,3
33.50,950,177,2
33.50,950,177,1
33.50,950,179,1
33.50,950,177,2
33.50,949,177,1
33.50,950,177,1
33.50,950,178,1
33.50,949,177,2
33.50,949,177,1
33.50,950,178,1
33.50,950,178,1
33.50,950,177,2
33.50,949,177,1
33.50,949,177,1
33.50,949,177,2
33.50,949,177,2
33.50,949,178,1
33.50,949,177,1
33.50,950,177,2
33.50,949,178,1
33.50,949,177,1
33.50,949,178,1
33.50,949,177,2
33.50,949,177,1
33.50,949,177,1
33.50,949,178,1
33.50,949,178,2
33.50,949,177,1
33.50,949,177,1
33.50,949,177,2
33.50,949,177,2
33.50,949,177,1
33.50,949,178,1
33.50,949,177,3
33.50,949,177,1
33.50,949,177,1
33.50,949,179,1
33.50,949,177,2
33.50,949,177,1
33.50,949,177,1
33.50,949,178,1
33.50,949,177,2
33.50,949,177,1
33.50,949,179,1
33.50,949,177,2
33.50,949,177,1
33.50,949,177,1
33.50,949,178,1
33.50,949,177,2
33.50,948,177,1
33.50,949,177,2
33.50,949,178,1
33.50,948,177,2
33.50,948,178,1
33.50,949,177,1
33.50,949,177,2
33.50,948,177,2
33.50,948,177,1
33.50,948,178,1
33.50,948,177,2
33.50,948,178,1
33.50,948,177,1
33.50,948,178,1
33.50,948,177,2
33.50,948,177,1
33.50,948,177,1
33.50,948,178,1
33.50,948,177,3
33.50,948,177,1
33.50,948,177,1
33.50,948,178,2
33.50,948,177,2
33.50,948,177,1
33.50,948,177,1
33.50,948,178,1
33.50,948,177,2
33.50,947,177,1
33.50,948,178,1
33.50,948,178,1
33.50,948,177,2
33.50,947,177,1
33.50,948,177,1
33.50,948,177,2
33.50,947,177,2
33.50,947,177,2
33.50,947,178,1
33.50,947,177,2
33.50,947,178,1
33.50,947,177,1
33.50,947,178,1
33.50,947,177,2
33.50,947,177,1
33.50,947,177,1
33.50,947,178,1
33.50,947,178,2
33.50,947,177,1
33.50,947,177,1
33.50,947,178,2
33.50,947,177,1
33.50,947,177,1
33.50,947,178,1
33.50,947,177,3
33.50,947,177,1
33.50,946,177,1
33.50,947,179,1
33.50,947,177,2
33.50,946,177,1
33.50,946,177,1
33.50,947,178,1
33.50,947,177,2
33.50,947,177,1
33.50,946,178,1
33.50,946,177,2
33.50,947,177,2
33.50,946,177,1
33.50,946,177,1
33.50,946,177,2
33.50,946,177,1
33.50,946,177,2
33.50,946,178,1
33.50,946,177,2
33.50,946,178,1
33.50,946,177,1
33.50,946,178,1
33.50,946,177,2
33.50,946,177,1
33.50,946,177,1
33.50,946,177,2
33.50,946,178,1
33.50,946,177,1
33.25,945,178,1
33.25,945,178,2
33.25,945,177,2
33.25,945,177,1
33.25,945,178,1
33.25,945,177,3
33.25,945,177,1
33.25,945,177,1
33.25,945,179,1
33.25,945,177,2
33.25,945,177,1
33.25,945,177,1
33.25,945,177,2
33.25,945,177,1
33.25,945,177,1
33.25,945,179,1
33.25,944,177,2
33.25,945,177,1
33.25,944,178,1
33.25,945,178,1
33.25,944,177,2
33.25,944,177,1
33.25,944,177,1
33.25,944,177,2
33.25,944,177,1
33.25,944,178,1
33.25,944,178,1
33.25,944,177,2
33.25,944,177,1
33.25,944,177,1
33.25,944,178,1
33.25,944,177,2
33.25,944,178,1
33.25,944,177,1
33.25,944,178,1
33.25,944,178,2
33.25,944,177,1
33.25,944,177,1
33.25,944,177,2
33.25,944,177,2
33.25,944,177,1
33.25,944,177,1
33.25,944,179,1
33.25,944,177,2
33.25,944,177,1
33.25,944,177,1
33.25,944,177,2
33.25,944,177,1
33.25,944,177,1
33.25,944,179,1
33.25,944,177,2
33.25,944,177,1
33.25,944,178,1
33.25,944,178,1
33.25,945,177,2
33.25,944,177,1
33.25,944,177,1
33.25,944,178,1
33.25,944,177,2
33.25,944,178,1
33.25,944,177,1
33.25,944,177,2
33.25,945,177,2
33.25,945,177,1
33.25,945,178,1
33.25,945,177,2
33.25,945,178,2
33.25,945,177,1
33.25,945,178,1
33.25,945,178,2
33.25,945,177,1
33.25,945,177,1
33.25,945,178,1
33.25,945,177,2
33.25,945,177,1
33.25,945,177,1
33.25,945,179,1
33.25,945,177,2
33.25,945,177,1
33.25,944,177,1
33.25,944,177,1
33.25,944,178,1
33.25,944,177,2
33.25,944,178,1
33.25,944,177,1
33.25,944,178,1
33.25,944,177,2
33.25,944,177,1
33.25,944,177,1
33.25,944,178,1
33.25,944,177,3
33.25,944,177,1
33.25,944,177,1
33.25,944,179,1
33.25,944,177,2
33.25,944,177,1
33.25,944,177,1
33.25,944,178,1
33.25,944,177,2
33.25,944,177,1
33.25,944,178,1
33.25,944,178,1
33.25,944,177,2
33.25,944,177,1
33.25,944,177,1
33.25,944,177,2
33.25,944,177,2
33.25,943,177,2
33.25,944,177,1
33.25,944,177,2
33.25,943,178,1
33.25,943,177,1
33.25,943,178,1
33.25,943,177,2
33.25,944,177,1
33.25,943,177,1
33.25,943,178,1
33.25,943,178,2
33.25,943,177,1
33.25,943,177,1
33.25,943,178,1
33.25,943,177,2
33.25,943,177,1
33.25,943,178,1
33.25,943,177,3
33.25,943,177,2
33.25,943,177,1
33.25,943,179,1
33.25,943,177,2
33.25,943,177,2
33.25,943,177,1
33.25,943,178,1
33.25,943,177,2
33.25,943,177,1
33.25,943,178,1
33.25,942,178,1
33.25,942,177,2
33.25,942,177,1
33.25,943,177,1
33.25,942,178,1
33.25,942,177,2
33.25,942,177,2
33.25,942,177,1
33.25,942,177,2
33.25,942,178,2
33.25,942,177,1
33.25,942,177,1
33.25,942,177,2
33.25,942,177,2
33.25,942,177,1
33.25,942,178,1
33.25,942,178,2
33.25,942,177,1
33.25,941,177,1
33.25,941,179,1
33.25,941,177,2
33.25,942,177,1
33.25,942,177,1
33.25,941,178,2
33.25,941,177,2
33.25,941,177,1
33.25,941,178,1
33.25,941,178,1
33.25,941,177,2
33.25,941,177,1
33.25,941,177,1
33.25,941,177,2
33.25,941,177,2
33.25,941,178,1
33.25,941,177,1
33.25,941,178,1
33.25,941,177,2
33.25,941,177,1
33.25,941,177,1
33.25,941,178,1
33.25,941,177,3
33.25,941,177,1
33.25,941,177,1
33.25,941,178,2
33.25,941,177,2
33.25,941,177,1
33.25,941,178,1
33.25,941,177,2
33.25,941,177,1
33.25,941,177,1
33.25,941,179,1
33.25,941,177,2
33.25,941,177,1
33.25,941,177,1
33.25,941,178,1
33.25,941,177,2
33.25,941,177,1
33.25,941,177,2
33.25,941,178,1
33.25,941,177,2
33.25,941,178,1
33.25,941,177,1
33.25,941,178,1
33.25,941,177,2
33.25,941,177,1
33.25,941,177,1
33.25,941,177,2
33.25,941,178,1
33.25,941,177,1
33.25,941,178,1
33.25,941,178,2
33.25,941,177,1
33.25,942,177,1
33.25,942,178,1
33.25,941,177,3
33.25,941,177,1
33.25,941,178,1
33.25,942,178,2
33.25,942,177,2
33.25,942,177,1
33.25,942,178,1
33.25,942,177,2
33.25,942,177,2
33.25,942,177,1
33.25,942,179,1
33.25,941,177,2
33.25,942,177,2
33.25,942,177,1
33.25,942,178,1
33.25,941,177,2
33.25,941,177,1
33.25,941,177,2
33.25,941,177,2
33.25,941,177,1
33.25,940,178,1
33.25,940,178,1
33.25,940,177,2
33.25,940,177,1
33.25,939,177,1
33.25,939,177,2
33.25,939,177,2
33.25,938,178,1
33.25,938,177,1
33.25,938,177,2
33.25,937,178,1
33.25,937,177,1
33.25,937,178,1 
33.00,935,178,1
33.00,934,178,2
33.00,933,177,1
33.00,933,177,1
33.00,931,177,2
33.00,929,177,1
32.75,926,177,1
32.50,922,178,1
32.25,918,178,2
32.00,915,177,1
32.00,912,177,1
31.75,909,178,2
31.75,906,177,2
31.50,904,177,1
31.50,902,178,1
31.50,900,177,2
31.25,898,177,1
31.25,896,177,1
31.25,895,179,1
31.25,894,177,2
31.25,893,177,1
31.25,892,177,1
31.25,891,178,1
31.00,890,177,2
31.00,889,177,1
31.00,888,178,1
31.00,888,178,1
31.00,887,177,2
31.00,887,178,1
31.00,886,177,1
31.00,885,178,1
31.00,885,177,2
31.00,884,177,1
31.00,884,177,1
31.00,884,177,2
31.00,883,177,1
31.00,883,178,1
31.00,882,177,2
30.75,882,177,1
30.75,882,177,1
30.75,881,178,1
30.75,881,178,2
30.75,881,177,1
30.75,880,177,1
30.75,880,178,2
30.75,880,177,2
30.75,879,177,1
30.75,879,178,1
30.75,878,177,2
30.75,878,177,1
30.75,877,177,1
30.75,877,179,1
30.75,876,177,2
30.75,875,177,1
30.75,874,177,1
30.75,874,177,2
30.75,873,177,2
30.75,873,177,1
30.75,872,179,1
30.75,871,177,2
30.75,871,177,2
30.75,871,178,1
30.75,870,178,1
30.75,870,177,2
30.75,870,177,2
30.75,870,177,1
30.75,869,178,1
30.75,869,177,2
30.75,869,178,2
30.75,869,177,1
30.75,869,178,1
30.75,868,177,2
30.75,868,177,1
30.75,868,177,1
30.75,868,177,1
30.75,867,177,3
30.75,867,177,1
30.75,867,177,1
30.75,867,178,2
30.75,867,177,1
30.75,866,177,1
30.75,866,178,1
30.75,866,177,2
30.75,866,177,1
30.75,866,177,1
30.75,865,179,1
30.50,864,177,2
30.50,865,177,1
30.50,864,178,1
30.50,864,178,1
30.50,864,177,2
30.50,864,178,1
30.50,864,177,1
30.50,863,177,2
30.50,863,177,2
30.50,863,177,1
30.50,863,178,1
30.50,862,177,2
30.50,862,178,2
30.50,862,177,1
30.50,862,177,1
30.50,861,177,2
30.50,861,177,2
30.50,861,177,1
30.50,860,177,1
30.50,860,177,3
30.50,860,177,2
30.50,859,177,1
30.50,859,179,1
30.50,858,177,2
30.50,858,177,1
30.50,858,177,1
30.50,857,178,1
30.50,857,177,2
30.50,856,177,1
30.50,856,178,1
30.50,856,178,1
30.50,855,177,2
30.50,855,177,1
30.50,854,177,1
30.50,854,178,1
30.50,854,177,2
30.50,853,177,2
30.50,853,177,1
30.50,853,178,1
30.50,853,178,2
30.50,853,177,1
30.50,852,177,1
30.50,852,177,2
30.25,851,177,2
30.25,851,177,1
30.25,851,177,1
30.25,851,178,2
30.25,851,177,2
30.25,851,177,1
30.25,850,178,1
30.25,850,177,2
30.25,850,177,1
30.25,850,177,1
30.25,850,177,3
30.25,849,177,2
30.25,849,177,1
30.25,849,178,1
30.25,849,177,2
30.25,848,177,1
30.25,848,177,1
30.25,847,178,1
30.25,847,177,2
30.25,847,177,1
30.25,846,178,1
30.25,846,178,1
30.25,846,177,2
30.25,846,177,1
30.25,846,177,1
30.25,845,177,1
30.25,845,177,2
30.25,845,177,2
30.25,845,178,1
30.25,845,177,2
30.25,844,178,1
30.25,844,177,1
30.25,844,178,1
30.25,844,177,2
30.25,843,177,1
30.25,843,177,1
30.25,843,177,2
30.25,843,178,2
30.25,843,177,1
30.25,842,178,1
30.25,842,178,2
30.25,842,177,1
30.25,842,177,1
30.25,841,178,1
30.25,841,177,3
30.25,841,177,1
30.25,841,177,1
30.25,841,178,2
30.25,840,177,2
30.00,839,177,1
30.00,840,179,1
30.00,839,177,2
30.00,839,177,1
30.00,839,177,1
30.00,839,178,1
30.00,839,177,2
30.00,838,177,1
30.00,838,177,2
30.00,838,177,1
30.00,838,177,2
30.00,838,178,1
30.00,838,177,1
30.00,837,177,2
30.00,838,177,2
30.00,837,177,1
30.00,837,178,1
30.00,837,177,2
30.00,837,178,1
30.00,837,177,1
30.00,837,178,1
30.00,837,178,2
30.00,837,177,1
30.00,837,177,1
30.00,837,177,2
30.00,837,177,3
30.00,837,177,1
30.00,837,178,1
30.00,837,178,2
30.00,837,177,1
30.00,837,177,1
30.00,837,177,2
30.00,836,177,2
30.00,836,177,1
30.00,836,178,1
30.00,836,178,2
30.00,836,177,1
30.00,836,177,1
30.00,836,179,1
30.00,836,177,2
30.00,835,177,1
30.00,835,177,1
30.00,835,177,2
30.00,835,177,1
30.00,835,177,1
30.00,835,179,1
30.00,835,177,2
30.00,835,177,1
30.00,834,177,1
30.00,834,177,2
30.00,834,177,1
30.00,834,177,1
30.00,834,179,1
30.00,844,177,2
29.75,841,177,1
29.50,838,178,2
29.25,834,177,2
28.75,830,177,1
28.50,825,178,1
28.25,820,178,1
28.00,814,177,2
27.50,809,177,1
27.25,803,177,1
27.00,798,178,1
26.75,793,177,2
26.50,788,178,1
26.25,783,177,1
26.00,779,178,1
25.75,775,177,2
25.50,772,177,1
25.50,768,177,1
25.25,764,178,1
25.00,762,177,3
25.00,759,177,1
24.75,756,177,1
24.75,753,178,2
24.50,751,177,2
24.50,749,177,1
24.50,747,178,1
24.25,745,177,2
24.25,744,177,1
24.25,742,177,1
24.00,741,179,1
24.00,740,177,2
24.00,738,177,1
24.00,737,179,1
24.00,736,177,2
23.75,735,177,1
23.75,733,177,1
23.75,732,178,2
23.75,731,177,2
23.75,730,177,1
23.50,729,178,1
23.50,728,177,2
23.50,727,177,2
23.50,726,177,1
23.50,725,178,1
23.50,724,177,2
23.25,723,177,1
23.25,722,178,1
23.25,721,178,1
23.25,720,177,2
23.25,719,178,1
23.25,718,177,1
23.25,717,178,1
23.25,717,177,2
23.25,716,177,1
23.25,715,177,1
23.25,714,178,1
23.00,714,178,2
23.00,713,177,1
23.00,713,177,1
23.00,712,177,2
23.00,712,177,2
23.00,711,177,1
23.00,711,177,1
23.00,710,178,2
23.00,710,177,2
23.00,710,177,1
23.00,709,179,1
23.00,709,177,2
23.00,709,177,1
23.00,708,177,1
23.00,709,178,2
23.00,708,177,2
23.00,708,177,1
23.00,707,178,1
23.00,707,177,2
23.00,707,177,2
23.00,707,177,1
23.00,707,177,1
23.00,706,177,2
23.00,707,177,1
22.75,706,178,1
22.75,706,178,1
22.75,705,177,2
22.75,706,178,1
22.75,705,177,1
22.75,705,178,1
22.75,705,177,2
22.75,705,177,1
22.75,705,177,1
22.75,705,177,2
22.75,704,178,2
22.75,704,177,1
22.75,704,178,1
22.75,704,177,2
22.75,704,177,2
22.75,703,177,1
22.75,704,178,1
22.75,704,178,2
22.75,703,177,1
22.75,703,177,1
22.75,689,177,1
22.75,688,179,1
22.75,687,177,2
22.50,686,177,1
22.50,685,178,1
22.50,683,178,1
22.50,683,177,2
22.25,682,177,1
22.25,681,177,1
22.25,680,177,2
22.25,680,177,2
22.00,679,178,1
22.00,678,178,1
22.00,678,177,2
22.00,677,177,1
22.00,676,177,1
22.00,676,178,1
22.00,675,177,2
21.75,674,177,2
21.75,673,177,1
21.75,673,178,1
21.75,672,178,2
21.75,671,177,1
21.75,670,177,1
21.75,670,178,1
21.75,670,177,2
21.50,669,177,1
21.50,668,177,1
21.50,667,178,2
21.50,667,177,1
21.50,667,177,1
21.50,666,179,1
21.50,666,177,2
21.25,665,178,2
21.25,665,177,2
21.25,664,177,1
21.25,664,178,1
21.25,664,177,2
21.25,663,177,2
21.25,663,177,1
21.25,663,178,1
21.25,663,177,2
21.25,663,177,1
21.25,662,178,1
21.25,662,177,2
21.25,662,177,2
21.25,662,177,1
21.25,662,177,1
21.25,661,177,2
21.25,662,177,2
21.25,662,177,2
21.25,662,177,1
21.25,661,177,2
21.25,661,178,1
21.25,661,177,1
21.25,661,178,1
21.25,661,177,2
21.25,661,177,1
21.25,661,177,1
21.25,661,177,2
21.25,661,178,2
21.25,660,177,1
21.25,660,178,1
21.00,660,178,1
21.00,659,177,2
21.00,659,177,1
21.00,659,178,1
21.00,659,177,2
21.00,659,177,2
21.00,659,178,1
21.00,659,178,1
21.00,659,177,2
21.00,659,177,1
21.00,659,177,1
21.00,659,178,1
21.00,659,177,2
21.00,659,178,1
21.00,658,177,1
21.00,658,177,2
21.00,658,177,2
21.00,658,177,1
21.00,658,178,1
21.00,658,177,2
21.00,658,178,1
21.00,658,177,1
21.00,658,178,1
21.00,658,178,2
21.00,658,177,1
21.00,658,177,1
21.00,658,177,2
21.00,658,177,3
21.00,657,177,1
21.00,657,178,1
21.00,658,178,2
21.00,657,177,1
21.00,657,177,1
21.00,657,178,1
21.00,657,177,2
21.00,657,177,1
21.00,657,177,1
21.00,657,178,2
21.00,657,177,2
21.00,657,177,1
21.00,657,179,1
21.00,657,177,2
21.00,657,177,2
21.00,657,177,1
21.00,657,178,1
21.00,657,177,2
21.00,657,177,1
21.00,657,178,1
21.00,656,178,1
21.00,656,177,2
21.00,656,177,1
21.00,656,177,1
21.00,656,177,2
21.00,656,177,2
21.00,656,178,1
21.00,656,177,1
21.00,656,177,2
21.00,656,178,2
21.00,656,177,1
21.00,655,178,1
21.00,656,177,2
21.00,656,177,2
21.00,655,177,1
21.00,655,178,1
21.00,656,178,2
21.00,655,177,1
21.00,655,177,1
21.00,655,178,1
21.00,655,177,2
21.00,655,177,1
21.00,655,177,1
21.00,655,177,3
21.00,654,177,2
21.00,655,177,1
21.00,655,178,1
21.00,655,177,2
21.00,654,177,2
21.00,655,177,1
21.00,655,178,1
21.00,654,177,2
21.00,654,177,1
21.00,654,178,1
21.00,654,178,1
21.00,654,177,2
21.00,654,177,1
21.00,654,177,1
21.00,654,177,2
21.00,654,177,2
21.00,654,178,1
21.00,654,178,1
21.00,653,177,2
21.00,654,178,1
21.00,654,177,1
21.00,653,178,1
21.00,653,177,2
21.00,654,177,1
21.00,654,178,1
21.00,653,177,2
21.00,653,178,1
21.00,654,177,1
21.00,653,178,1
21.00,653,177,2
21.00,653,177,1
21.00,653,177,1
21.00,653,178,1
21.00,653,177,3
21.00,653,177,1
21.00,653,177,1
21.00,653,178,2
21.00,653,177,2
21.00,653,177,1
21.00,653,178,1
21.00,653,177,2
21.00,653,177,1
21.00,653,177,1
21.00,653,179,1
21.00,653,177,2
21.00,654,177,1
21.00,653,177,1
21.00,653,178,1
21.00,653,177,2
21.00,653,177,1
21.00,654,177,2
21.00,653,178,1
21.00,653,177,2
21.00,653,178,1
21.00,654,177,1
21.00,654,177,2
21.00,654,177,1
21.00,654,177,1
21.00,655,178,1
21.00,654,177,2
21.00,654,178,1
21.00,653,177,1
21.00,652,177,2
21.00,652,177,2
20.75,651,177,1
20.75,650,178,1
20.75,649,177,2
20.75,649,177,2
20.75,648,177,1
20.50,647,178,1
20.50,647,178,2
20.50,646,177,1
20.50,646,177,1
20.50,646,177,2
20.50,645,177,1
20.50,645,177,1
20.25,645,178,1
20.25,645,178,2
20.25,644,177,1
20.25,644,177,1
20.25,644,179,1
20.25,644,177,2
20.25,644,177,1
20.25,643,177,1
20.25,643,178,2
20.25,643,177,2
20.25,643,177,1
20.25,643,179,2
20.25,643,177,1
20.25,642,177,1
20.25,642,177,2
20.25,642,177,2
20.25,643,178,2
20.25,642,177,1
20.25,642,178,1
20.25,642,178,1
20.25,642,177,2
20.25,642,177,1
20.25,642,177,1
20.25,642,178,1
20.25,642,177,2
20.25,642,178,1
20.25,642,177,1
20.25,642,178,1
20.25,642,177,2
20.00,642,178,1
20.00,641,177,2
20.00,641,177,1
20.00,642,177,1
20.00,642,178,2
20.00,641,177,2
20.00,641,177,1
20.00,641,178,1
20.00,641,178,1
20.00,642,177,2
20.00,642,177,2
20.00,641,178,1
20.00,641,178,1
20.00,641,177,2
20.00,642,177,1
20.00,641,178,1
20.00,641,177,2
20.00,641,178,1
20.00,641,177,1
20.00,641,177,2
20.00,641,180,1
20.00,641,177,2
20.00,641,177,2
20.00,641,177,1
20.00,641,179,1
20.00,641,177,2
20.00,641,179,1
20.00,641,178,2
20.00,641,179,1
20.00,640,177,2
20.00,640,177,1
20.00,640,178,1
20.00,640,178,1
20.00,640,177,2
20.00,640,178,1
20.00,640,177,1
20.00,637,177,1
20.00,637,178,1
20.00,636,177,2
20.00,636,177,1
20.00,636,178,1
20.00,635,177,2
20.00,635,177,2
20.00,635,178,1
20.00,635,178,1
20.00,635,177,2
20.00,635,177,1
20.00,635,177,1
20.00,634,178,1
20.00,634,177,2
20.00,634,178,1
20.00,634,177,1
20.00,632,179,1
19.75,629,177,1
19.50,624,177,2
19.00,619,179,1
18.75,613,179,1
18.50,607,178,1
18.25,602,179,1
18.25,596,178,2
18.00,592,179,1
17.75,587,180,1
17.50,582,178,2
17.50,578,179,1
17.25,573,179,1
17.25,568,180,2
17.00,564,179,1
17.00,560,179,1
17.00,556,179,2
16.75,553,179,2
16.75,549,179,1
16.75,546,179,1
16.75,543,178,2
16.50,540,180,1
16.50,537,179,1
16.50,534,178,2
16.50,531,179,1
16.50,529,179,2
16.25,527,178,2
16.25,525,179,1
16.25,523,179,1
16.25,521,178,2
16.25,519,179,1
16.25,517,179,1
16.25,515,180,2
16.25,513,179,1
16.25,512,179,1
16.00,511,179,2
16.00,511,180,1
16.00,509,179,1
16.00,508,179,1
16.00,507,178,2
16.00,506,180,1
16.00,504,179,1
16.00,504,178,2
16.00,503,179,1
16.00,502,180,1
16.00,502,179,2
16.00,502,178,2
16.00,501,179,1
16.00,500,180,1
16.00,499,178,2
16.00,499,179,1
16.00,498,179,1
16.00,498,179,2
16.00,497,179,1
16.00,497,179,1
16.00,497,179,2
16.00,497,180,1
16.00,496,179,1
16.00,496,179,1
16.00,495,178,2
16.00,495,180,1
16.00,495,179,1
16.00,495,178,2
16.00,495,179,1
16.00,495,179,1
16.00,495,179,2
16.00,494,179,1
16.00,493,179,1
16.00,493,179,1
16.00,493,178,2
16.00,493,179,1
16.00,493,180,1
16.00,493,178,2
16.00,493,179,1
16.00,493,179,1
16.00,493,179,2
16.00,493,179,1
16.00,492,179,1
16.00,491,179,2
16.00,492,180,1
15.75,491,179,1
15.75,491,178,2
15.75,490,180,1
15.75,489,179,1
15.75,490,179,1
15.75,490,178,2
15.75,490,180,1